T:1605620844.85
~~~
T:1605620849.45
0.587706909697 0.822127071463 0.189933523267
1.0 0.691030707008 0.00582750582751
0.624755050347 0.695373330874 0.481605351171
0.416981972301 0.65504291509 0.649038461538
0.646427220861 0.568882891762 0.320828596691
0.927208816812 0.84309972702 0.017548990933
0.243342052995 0.795253241491 0.823563054046
0.237591336541 0.563625505408 0.134888807875
0.388943595648 0.73297879911 0.635897435897
0.422981968992 0.681872950856 0.695786625435
0.431631066373 0.466551471519 0.505494505495
0.566388483504 0.71912236806 0.723514211886
0.588909529894 0.558624683135 0.0
0.394287759225 0.770100202142 0.48951048951
1.0 0.559403058839 0.010573618821
0.753599137258 0.647741943166 0.068073519401
0.316389421885 0.323674105505 0.0
1.0 0.864833042352 0.452488687783
0.645637503058 0.597879184731 0.528846153846
0.6706529288 0.606896033732 0.34965034965
0.909349377517 0.390601341117 0.520474550325
0.206715892867 0.265324541708 0.0
0.642398878647 0.454368336518 0.348508634223
0.303666847018 0.778116792988 0.307692307692
0.336797148734 0.527312648468 0.909090909091
1.0 0.542347218979 0.389155532494
0.980649392213 0.209796171318 0.440664862775
0.706381968624 0.687715453551 0.2079002079
0.238299033909 0.751073083346 0.510318949343
1.0 0.711190912093 0.095931781844
0.360980011095 0.69518835327 0.615384615385
0.168223956997 0.473108878523 0.742705570292
0.645786661666 0.674568784166 0.104895104895
0.16336364159 0.143156932258 0.180995475113
0.29784174 0.559552558661 0.393162393162
0.561931620532 0.565325147191 0.0750469043152
0.794440701771 0.670904877945 0.0860677783755
0.629217125405 0.46146514891 0.535117056856
0.487593029822 0.56254318186 0.0
0.889658950139 0.415521374801 0.0334448160535
0.54054307151 0.914898205531 0.0
0.955390996138 0.628380031844 0.080971659919
0.17265400995 0.302383181681 0.384615384615
0.589318886203 0.594283422344 0.603351955307
0.129073062779 0.678892043576 0.0
0.356814886035 0.561325291195 0.336046206353
0.613500466168 0.484922933473 0.035097981866
0.560937120862 0.173287612545 0.201262152482
0.185420666056 0.355560665208 0.0
0.577419499477 0.465303880413 0.0327332242226
0.203770278701 0.300929136413 0.0
0.559311994171 0.618993073185 0.17094017094
0.678496117495 0.239785812786 0.614091790562
0.913716595973 0.309258990116 0.121457489879
0.839596056359 0.447260911302 0.0158604282316
0.546817591376 0.645775741756 0.11917659805
0.435008731795 0.648190998109 0.633600633601
0.311589407411 0.667205249752 0.0184615384615
0.241776660565 0.517511792517 0.208791208791
0.313482939298 0.10630462598 0.587947084762
0.921000627442 0.267156374703 0.350877192982
0.74558850297 0.300855360346 0.295857988166
0.412906072326 0.115684856801 0.461538461538
0.570748171132 0.72082799047 0.0
0.84141393518 0.602990331368 0.412757973734
0.294302959383 0.482126000427 0.410256410256
0.570601779457 0.352998024895 0.0854700854701
0.519735072404 0.292961532577 0.0662495399338
0.830949758927 0.359911891132 0.628798993922
0.546973226916 0.502677231412 0.666340029397
0.146396848284 0.577413781299 0.0627943485086
0.252197861158 0.333754638665 0.141883433023
0.693813551458 0.544883994247 0.0307692307692
0.388022356656 0.760826230021 0.156985871272
0.302060045875 0.402449769929 0.66785927251
0.575463006906 0.15067076884 0.338398872004
0.164481370401 0.44602727336 0.769230769231
