T:1607426763.717559
~~~
T:1607426765.075575
0.43543984012346115 0.31787890784493084 0.6413994169096209
0.17798483862346134 0.7319909845942572 0.40485829959514175
0.5420210594151224 0.3636757870927442 1.0
0.23634959669399375 0.6448563264640156 0.0
0.6055068112889144 0.29400316652841646 0.10332950631458089
0.13368825480114502 0.06768131202950564 0.5384615384615384
0.45901136732181375 0.701799668808408 0.4395604395604395
0.08572836923050013 0.13738139094655696 0.9049773755656109
0.7042917053481711 0.7662607656591497 0.0
0.30868164598817355 0.61864134489374 0.5607872182837794
