T:1607236265.8219268
~~~
T:1607236267.310308
1.0 0.20387406808651065 0.5156382079459003
1.0 0.04692053317943899 0.8635973691735772
0.7154922103908795 0.137567427198948 0.08316008316008316
0.7151536759651513 0.6788255611562575 0.5911991938192811
0.9147292391929731 0.515175427701435 0.4311611954924057
1.0 0.31641273987709106 0.0
1.0 0.7436125376248626 0.35351882160392795
0.46214923467451435 0.3230067497347988 0.0
0.5031138877171747 0.7676384383939374 0.27972027972027963
0.8995765517117689 0.19891217907849298 0.56444218033622
1.0 0.4436228821995065 0.0
0.40580335140506557 0.22491953566432682 0.6514206514206514
0.6326552885893796 0.3216091358283632 0.2644230769230769
0.46880883866489886 0.2785984387390139 0.3846153846153846
0.543820390644857 0.4731165402849869 0.9615384615384615
0.5921561462967813 0.5911402775169398 0.4886877828054298
0.9222861300588885 0.30821177905415786 0.0
0.7276685167554826 0.43090023193413296 0.05044136191677181
0.7960080691522227 0.36756455157671836 0.0
0.5357865811563276 0.4490946619588094 0.4524886877828053
0.5926025225831923 0.2626568555228729 0.18648018648018647
0.5122571589034256 0.35426115511382417 0.5014605647517039
0.520386050334625 0.6909576840953046 0.2714932126696833
0.6198341430676658 0.154284183203508 0.5982905982905982
0.4626761029669863 0.7089728497539534 0.2243589743589744
0.43941189306570094 0.10987915907115232 0.2699055330634278
0.6714943114809498 0.12691838511695516 0.5564648117839607
0.9560543839895207 0.23115424637235896 0.017094017094017033
0.5975211073504549 0.7204276461744485 0.0
0.34406334055350873 0.7138687655107729 0.6593406593406593
0.24677671944981858 0.7735197232049462 0.2626641651031896
0.45057987076123185 0.16990196151715345 0.0
0.2188463144831644 0.7994809941973324 0.20790020790020783
0.1934263894130749 0.6656535945790191 0.0
0.3313462265279993 0.7999547126110688 1.0
0.9463027093179456 0.43838489501933875 0.0
0.19429862498809358 0.16625546244502473 0.3076923076923076
0.40830582466598037 0.698836672244288 0.0
0.7270913776038107 0.6888438943695067 0.7692307692307692
0.5004324235697317 0.6495487728312309 0.33264033264033266
0.35411778146709355 0.5016100605998673 0.5044136191677175
0.8010983141481879 0.3891536831848107 0.058275058275058224
0.5061271245392495 0.24578379947692092 0.7950438822922045
0.1406398199520211 0.6181492808615957 0.24813895781637713
0.30808306690801673 0.6090358773558916 0.48351648351648346
0.18357381813235038 0.5124851855469329 0.043956043956043966
0.37690928759133585 0.3118346251460642 0.3133903133903134
0.659407137231455 0.35506829637447496 0.8960270498732036
0.31529693398108277 0.18439967059933055 0.10989010989010983
0.32437477353157435 0.3914191026659824 0.334448160535117
0.6938564427115156 0.6595899220503868 0.0
0.2960138939533714 0.9234077509367808 0.36836403033586135
0.37478472955935 0.7581172991050436 0.17582417582417587
0.38154169360380535 0.6653468485413612 0.0
0.08962188935950541 0.3650461014961266 0.0
0.40641046301686357 0.6422546590395379 0.016906170752324538
1.0 0.48151908959901674 0.41958041958041953
0.5215630048794899 0.38651397774171975 0.541958041958042
0.3251240680778321 0.7071022696973668 0.5494505494505494
0.3716668719309644 0.2482033212811863 0.6993006993006994
0.3257760597938677 0.8396683820009379 0.0
0.22069163329635028 0.5061169174573432 0.3846153846153846
0.39318939194439895 0.49438573838614913 0.48610213316095663
0.23638046095198031 0.7071308179784525 0.0
0.977576775455926 0.7065530832295164 0.5707196029776674
0.2982472952449038 0.4837837199871677 1.0
0.5184747894705428 0.23829238627061736 0.6395851339671564
0.32462169570701427 0.5450339823468145 0.1809954751131222
0.15425886188597213 0.7672052965703815 0.0
0.3244706327980408 0.6242912195409578 0.493191019506809
0.3470537014894475 1.0 0.0
0.2740725335623894 0.8563934973488643 0.3076923076923076
0.8747580532670681 0.7172987793359852 0.0
0.25092714810728844 0.42811850860094314 0.7692307692307692
0.13434324549660917 0.48845578302493875 0.21978021978021983
0.2033740864775736 0.8788259980276387 0.5917159763313609
0.1592413528179603 0.3246171491687649 0.0
