T:1607427766.284116
~~~
T:1607427768.311282
0.14204752970604448 0.9461792994877182 0.0
0.9473758955871839 0.279664379383838 0.7307692307692307
0.5163946193619557 0.8151744803197669 0.0
0.4913133524005379 0.6737020138105487 0.3076923076923076
0.11143870796284491 0.47674762672696425 0.97165991902834
1.0 0.7228150427751837 0.27698982145836815
0.19159797716254748 0.5485729018361436 0.5494505494505494
0.3527720620851049 0.4013683936483735 0.7043558850787767
0.209170328523262 0.5827863502353497 0.48582995951417
0.5742817621243745 0.5811969094746926 0.0
0.22014817594341768 0.15608152635956973 0.879120879120879
0.09847381134670763 0.5201871616967507 0.6477732793522266
0.7562156547815295 0.2135758425345142 0.3076923076923076
0.6151426255641758 0.3537812759829681 0.6373626373626373
1.0 0.6949495418045529 0.0395927601809955
0.46876384138982774 0.5865142458670921 0.6387362637362637
0.12489307967262693 0.2900789397539001 0.1398601398601399
0.5273528158839504 0.8942865226000494 0.1809954751131222
1.0 0.5950564598285524 0.0
0.08800835294791189 0.7947022249477568 0.0
0.272687898459664 0.35948363655720184 0.3619909502262444
0.32138055938797533 0.6659073920575411 0.06344171292624895
0.446622234698729 0.09735242688288832 0.6502177068214804
0.3361995992029501 0.13103853435208893 0.0
0.1698709304006862 0.3028331788136061 0.6923076923076922
0.23809284439122053 0.3913408036212837 0.0
0.5110469921180509 0.5334725913146748 0.10256410256410253
0.1582656204189087 0.3588095748059344 0.0
0.22269613062538365 0.662464439618467 0.0
0.5922432016060075 0.5771634377062602 0.603318250377074
0.14207331902325201 0.2841354938240088 0.44665012406947885
0.7480584779120001 0.7891364876007432 0.603318250377074
0.8115173053758576 0.1659221638021721 0.8701705534284719
0.9463200185424089 0.11463428925079487 0.3238866396761133
0.19338288115102636 0.4887648126110475 0.0
1.0 0.8024238371982234 0.0
0.176330559580521 0.5278502605092363 0.717948717948718
0.2774709720818674 0.8871752894620671 0.641025641025641
0.6588178900299255 0.2749656128102995 0.75
0.29383505675004185 0.42227968617953987 0.0
0.2377719844034943 0.35127407377370634 0.0
0.7928745024251382 0.5301095634293836 0.0
0.423910243177264 0.5743821078961003 0.27613412228796846
0.660839922090054 0.539340960464885 0.2877697841726618
0.4099937845646872 0.45820905356911906 0.0
0.46227683378979234 0.38172718343728884 0.46879046879046876
0.3051824149136853 0.738830281726293 0.13777267508610797
0.486167865839003 0.6824394417718802 0.0
0.5150245403949647 0.2990941780704881 0.5128205128205129
0.12071050960338531 0.34609943411822586 0.0
0.3984264776702424 0.6866589007628445 0.620782726045884
0.1221679035243737 0.1627807911445226 0.1923076923076923
0.4191018279545994 0.6687209805781977 0.8153678382686017
0.39297199285103396 0.07183555432274225 0.3846153846153846
0.42356079497110594 0.5704771972168468 0.5714285714285714
0.5735523123125211 0.6820416011101214 0.02262443438914019
0.277658708324337 0.447245245297763 0.5698005698005697
0.4116098266748068 0.4219109995790148 0.0
0.2618706521798113 0.798216975161198 0.4945054945054944
1.0 0.6502925436481038 0.030667007411193485
0.23287836745419693 0.6754423783779941 0.21978021978021983
0.5009538983625629 0.40569885441982495 0.21978021978021983
0.35032042128952245 0.5733724372700214 0.2714932126696833
0.3489137401552679 0.5626812912321317 0.8026755852842808
0.3269009614383636 0.32418903103117364 0.0
0.14352260842950004 0.12131246615420645 0.5594405594405595
0.6519296028206395 0.7122048400799474 0.7289940828402366
0.45551683526402365 0.6126537970163126 0.0
0.3395661535315292 0.4664413230685759 0.2921129503407984
0.6694827984740728 0.3692769253002903 0.0
0.6204079038169957 0.47033412675974956 1.0
0.6452657635143942 0.551583706373648 0.1183431952662721
0.2114138664305195 0.5418949253069866 0.12307692307692301
0.43499090910876737 0.8166607503709868 0.0
0.22230533848109155 0.5020164232403664 0.0
0.28876138160013437 0.7696132211118658 0.0
0.2755311656112319 0.7271005919399263 0.8284023668639052
0.2296630929983797 0.754532203874674 0.6605351170568562
