T:1605620885.47
~~~
T:1605620892.21
0.36806776969 0.0812942847736 0.0322190898107
0.37335542565 0.267104535426 0.0181708055724
0.384145747504 0.476516323978 0.0
0.477071423399 0.226272174856 0.0208463623098
0.240830826794 0.272458174091 0.459819510099
0.346042754997 0.0732003707262 0.066889632107
0.118253610373 0.0862567743273 0.461538461538
0.184934618647 0.566641586546 0.758032560944
0.564326596579 0.193926324453 0.363575155698
0.237163103831 0.486304658359 0.580901856764
1.0 0.383684069797 0.903828718879
0.467695614999 0.466105144074 0.383693045564
1.0 0.282579330899 0.779928036565
1.0 0.0761900699342 0.21978021978
0.268762791588 0.388535810835 0.0210748155954
0.480172583891 0.490056571102 0.43229497775
0.567560871919 0.42733685358 0.227816059626
1.0 0.507669255915 0.408653846154
0.196300736469 0.266309468416 0.186104218362
0.265347171058 0.267504989712 0.17460056004
0.793264143844 0.616793045786 0.320397735119
0.563316315465 0.309961572787 0.573663624511
0.769946889491 0.375257819494 0.0456147625959
0.431960118789 0.369758452476 0.758082497213
0.369431298576 0.509862932023 0.202508689739
0.538589611675 0.0881359211825 0.013037809648
0.641654414081 0.449783728209 0.363787836712
0.447075850295 0.588879048176 0.0
0.208285580398 0.184299902748 0.242914979757
0.447441920808 0.353861689548 0.571112340897
0.928624146833 0.603425368931 0.274725274725
0.326680756956 0.499959777375 0.620347394541
0.488364458161 0.410741831438 0.40831206708
0.507623054553 0.687408413059 0.135358204028
0.435008042053 0.46269716128 0.392628205128
0.626937133495 0.802501016202 0.02079002079
0.196173860694 0.673244009503 0.301237224314
0.510166341884 0.755867901785 0.287562904385
0.487425071643 0.275527252701 0.769230769231
0.439214394928 0.477067562761 0.0
0.33398676413 0.663596212295 0.0262237762238
0.234528346025 0.584784247405 0.733727810651
0.412327858044 0.697052052174 0.48279048279
0.590254576759 0.617760482804 0.19801980198
0.731687671246 0.471791636293 0.263736263736
0.359851483928 0.446383358279 0.283331126705
0.452844745923 0.384470349816 0.0
1.0 0.551013566541 0.0732600732601
0.889552310818 0.600341923233 0.181677618864
0.635263061091 0.598454150797 0.640842752112
0.481733033616 0.682829953691 0.566801619433
0.637967335377 0.730117050699 0.0136147038802
0.213197220152 0.442333012497 0.212201591512
1.0 0.562069897386 0.690912992168
0.176889024752 0.238118386881 0.0
0.293356271308 0.423751545672 0.407239819005
0.239616281022 0.603421885395 0.0
0.295926380733 0.58992662414 0.153846153846
0.178573376084 0.419133098095 0.0
0.263670731639 0.604228967466 0.290275761974
0.259494327825 0.513783497475 1.0
0.230460144264 0.532724071708 0.384615384615
0.309801028616 0.793978639797 0.132265924121
0.312033651244 0.698711418138 0.0461538461538
0.637678312345 0.451355996172 0.259109311741
0.316422661394 0.451313965746 1.0
0.28210895151 0.615080145898 0.560897435897
0.45720068555 0.522779999771 0.108481262327
0.478539067978 0.837307972181 0.0194741966894
0.212796438174 0.677364330213 0.37296037296
0.54207230297 0.736861649886 0.0
0.993462570182 0.678583109283 0.440019270917
1.0 0.676797039726 0.829814576831
0.843512645317 0.706462650045 0.0
0.484727300557 0.429056543935 0.604395604396
0.506119027649 0.603871528353 0.207310420076
0.407021693834 0.430403531456 0.619380619381
