T:1607428120.5600598
~~~
T:1607428124.21005
0.37448243667910514 0.1162917305761194 0.717948717948718
0.9990687204177383 0.6804906843670281 0.8565793181177797
0.4892584988521021 0.4390473175728896 0.2729528535980148
0.08850875629303175 0.07739449757202485 0.170940170940171
0.7321186342628304 0.6722424533010307 0.2662721893491125
0.578198787412181 0.23966709816039547 0.20376974019358127
0.6529929884866419 0.26469122213858143 0.013777267508610764
0.6702830366207283 0.7916644892892319 0.5379587732528909
1.0 0.49910419681095586 0.5025125628140703
0.34167959547279014 0.4240973763533391 0.5325443786982248
0.40646361751868015 0.34613726849346066 0.45898852528686784
0.21561725888812816 0.24275992867567384 0.4733727810650888
0.9250422342307233 0.47996615048347085 0.010537407797681812
0.2595984184216759 0.26016546093467424 0.0
0.3391865271615372 0.6436894222450732 0.0
0.276254188055244 0.718234943960138 0.41958041958041953
0.4433029148159571 0.18717244693711643 0.1183431952662721
1.0 0.4889094487370641 0.6170300287947348
0.424389781051595 0.2137016780685202 0.586080586080586
0.3044848238709617 0.047978842177019976 0.6267806267806268
0.8065215662204671 0.7992508311069171 0.0
0.3609578533242817 0.06189158633585522 0.0
0.4906084697539081 0.32810027868507635 0.1538461538461538
0.8986473442480267 0.8334795633711358 0.14888337468982635
0.18499959421387102 0.6399288157356626 0.663129973474801
0.22144106811907102 0.7815865472945673 0.8717948717948717
0.7895652333653482 0.5241777423541024 0.9016515399494123
0.1245330896105447 0.8953869912217145 0.170940170940171
0.4689922165231126 0.7421055799378945 0.5494505494505494
0.3168810007038683 0.7203769964665018 0.3678929765886287
0.752237468774604 0.07965718783987616 0.0
0.2254587263866228 0.04300254514796241 0.0
0.5148171074195472 0.40361868144103824 0.06518904823989569
0.9067893081861672 0.5316043941091414 0.2279202279202279
0.5372448893865122 0.35511844839728246 0.03924646781789635
1.0 0.5983393842284279 0.10743446497636434
0.45040403254486155 0.7888590684962244 0.9049773755656109
0.6076640768873147 0.12102516094342876 0.0
0.47980876790791593 0.27526152272616455 0.019474196689386495
0.28067310956286246 0.5443907473449267 0.5731523378582202
0.8573896735480574 0.7646872345014275 0.3357235984354628
0.17737668943312668 0.09824343003145862 0.12307692307692301
0.20549536282988282 0.6390400784936567 0.26373626373626363
0.07904256446487898 0.6511968871189184 0.0
0.465991176495994 0.8423635021483253 0.6954689146469969
0.26641502729851124 0.31950846413495787 0.03194037796113918
1.0 0.04417895508122248 0.21307331166486096
0.1700208640153898 0.6558262476952358 0.21978021978021983
0.08048907899850653 0.7194517305303161 1.0
0.46197078823251525 0.05972982005277009 0.16696481812760877
0.5458194970380625 0.779399286697865 0.0
0.4829362567599099 0.6219105419311013 0.641025641025641
0.35794324682794465 0.6588528635198764 0.015698587127158572
0.4719524015907543 0.09498421115550454 0.21978021978021983
1.0 0.3826986770451467 0.6508875739644971
0.19400923202556455 0.5419705518741434 0.879120879120879
0.48195808954130737 0.363741869988657 0.0
0.5050079148968023 0.2413654078781802 0.33812341504649196
0.4629189742399075 0.45701623431528776 0.5128205128205129
0.21657062085602422 0.5323154981926842 0.28846153846153844
0.48185733427816324 0.2554432407325017 0.0
0.12123305537183127 0.6353755230510403 0.5868358445678032
0.27913293970656106 0.2016015430323283 0.46703296703296704
1.0 0.5690102093299454 0.0
0.32075037332028666 0.40489442498842776 0.3577817531305903
1.0 0.5656479582288542 0.0
0.49713065337178397 0.5384426850756199 0.498960498960499
0.45121344439984973 0.44117177210696085 0.9643898111772906
0.5778069403303522 0.8336101127018931 0.5477494641581329
0.3871723584772504 0.5762668508848163 0.34269048487057957
0.17183334131284733 0.6716405059137689 0.6242118537200504
0.5448265226412303 0.4797232671534738 0.0
0.19487140920316293 0.1662112560109757 0.6477732793522266
0.3374716497289279 0.6971292138170224 0.0
0.454904001700687 0.7111001666169695 0.5663048607833884
1.0 0.5546430305915512 0.22751895991332613
0.4078794238587199 0.3043586670993166 0.26525198938992045
0.6620897000484754 0.441469059992693 0.0
