T:1607232710.223066
~~~
T:1607232713.1351922
0.35753210371373434 0.6669998116906494 0.0
0.2410413758593246 0.6222753737932548 0.6067172264355363
0.4352333871965759 0.44442091223718294 0.17889087656529515
0.32816636207136735 0.6749243910721797 0.4682274247491639
0.6253284840879387 0.42581838709901637 0.0
0.3618946174360797 0.3651309488070964 0.6993006993006994
0.401919181359409 0.4613139544965549 0.0
0.6283609579955737 0.5875040740562483 0.06410256410256404
0.17835174669408002 1.0 0.0
0.8287615304615924 0.7816723582803555 0.3374320846439806
0.28342913735605807 0.6015984379700374 0.8653846153846153
0.5628678235588286 0.5206380371169739 0.35078927587070907
0.2519494366976793 0.2942342773873227 0.0
0.490944563901872 0.6648851514767351 0.603318250377074
0.6401772506524235 0.7823619854795758 0.44432102193835044
0.4798288304432358 0.7949392146925773 0.4962779156327544
0.6995901798272602 0.7664094516688722 0.8153846153846154
1.0 0.659966548002982 0.0
0.6350496690217154 0.6684992678578003 0.2697302697302697
0.7680877715571752 0.7525556431683502 0.7256894049346879
0.5483185703047025 0.6567505589574105 0.0
0.8643000653207773 0.7497830523744056 0.10989010989010983
0.5641279562070346 0.08149786409855515 0.18289402904787516
0.7727245886956653 0.49498774520426553 0.5560439560439561
0.25838352429378 0.13555357425883383 0.0
1.0 0.6296997518725144 0.5358937144133081
0.5069533252230202 0.7071323118897332 0.5724508050089445
0.5253116225073554 0.6669281878217914 0.10256410256410253
1.0 0.7249503764333753 0.7589743589743588
0.7035391444472815 0.6453938751809376 0.6623931623931624
0.6087511190861693 0.3364642926350847 0.3076923076923076
0.2508316462083586 0.5526433145411513 0.641025641025641
0.41056299024125975 0.43664467551468356 0.2429149797570851
0.49856676763838315 0.49020445524012035 0.02797202797202798
0.48568444192170424 0.6905684444489678 0.7655146785581568
0.4609505559101022 0.18104689860691853 0.5494505494505494
0.24739475329782679 0.17702419832208519 0.0
0.9947138793737711 0.24586903891181186 0.019150973507819913
1.0 0.4826908328280996 0.06500541711809325
0.14183534325372402 0.6200168602160618 0.20979020979020976
0.740839361414173 0.16552840955625925 0.004946821667078852
0.2392352907621995 0.5628699571948454 0.0
0.6429365369127834 0.4238650053598216 0.41806020066889626
0.5976296655029157 0.6855987008707719 0.12210012210012218
0.35450709371925354 0.6189796789655746 0.0
0.9025931376966572 0.03987912849542522 0.3767660910518054
0.8949680776645151 0.39814978204442864 0.12793858947705103
0.4748833406402189 0.47246998295568254 1.0
0.25320999982176984 0.26002623327707214 0.1398601398601399
0.951143685208617 0.6846994254164612 0.0
0.10777121080562693 0.6718069435474826 0.0
0.28208289547368054 0.1627751832565551 0.7557354925775978
0.39419818626961606 0.6013393461206165 0.6916019760056457
0.21446898035656498 0.2343433594345853 0.37135278514588865
1.0 0.0773646786649854 0.003914660403209971
0.640114903145818 0.5733111414065978 0.0
0.7649098103965579 0.45729218605416394 0.028490028490028445
0.2501958259920231 0.33846387412851225 0.05016722408026761
0.7344443851520494 0.8400174048917289 0.49875930521091816
0.29906140844553464 0.554669447805572 0.0
0.1599600494079442 0.4286140596763136 0.3927986906710311
0.5664359357044388 0.3011701339377659 0.0
0.5091022224383261 0.16075443236209686 0.7722473604826545
0.12160422743103665 0.3617378241545907 0.0
0.24199484585017686 0.39783829121023156 0.9401709401709402
0.39440658362626924 0.5662249397107787 0.12145748987854255
0.3175754573115322 0.6904240935225534 0.29585798816568043
1.0 0.4245077979189776 0.33818433818433813
1.0 0.33220247249139667 0.8254737388595657
0.333554758849959 0.576851551472925 0.0
0.9130110914291117 0.4431764269343662 1.0
0.40562387643717607 0.2586096418142116 0.1503094606542883
0.5030001401859888 0.0785796184776022 0.6713286713286714
0.8808069105185762 0.40658364006784686 0.7328671328671328
0.38207628122143983 0.7453490148796597 0.0
0.35763170779572884 0.15349321554780765 0.5128205128205129
0.6280445001136904 0.5074777258246079 0.3898635477582846
