T:1607236285.592484
~~~
T:1607236288.072764
0.7593348788990217 0.06272248301742 0.335949764521193
0.4456654814494866 0.11476225688943893 0.014513788098693756
0.14680768670002264 0.33128070910318014 0.596546310832025
0.4393488406428432 0.20513962414792658 0.5435283279594657
0.41542224033772823 0.03214281860403956 0.6378986866791745
1.0 0.0823798990019837 0.36934709902573787
1.0 0.12417384207350296 0.45888177756309617
0.5331957195937084 0.1991145134759842 0.013300820217246793
0.2782805467413848 0.6182296527396508 0.07566204287515771
0.2972848203478945 0.5733592228701244 0.28402366863905326
0.4019879031019106 0.16600544551425456 0.9324009324009324
0.2583913749586092 0.29393762062483075 0.8131868131868132
0.44662509427812586 0.6899438778048663 0.4851398601398601
0.4441667329659146 0.054765789781582946 0.9357652656621729
0.2998361487396478 0.16974049612126169 0.21978021978021983
1.0 0.34480848718401624 0.8243575608514968
1.0 0.1435656327973099 1.0
0.2072919904573693 0.2839610982325999 0.6477732793522266
0.5376427166831678 0.6586994350034457 0.535319446060747
1.0 0.5672668715502018 0.11088011088011093
0.12427772918935699 0.5084154144956153 0.5707196029776674
0.5547264541831645 0.2869929205697985 0.5063291139240506
0.9983694767689373 0.16416517470056854 0.3935599284436494
0.36293427113112137 0.1368215766253554 0.7342657342657343
0.375744078114461 0.4028694214773337 0.4282655246252676
0.6761388522554701 0.5634710142548524 0.10895619960775772
0.3523119065224789 0.4919167497020567 0.44317822095599874
0.46259367985768046 0.546307044708936 0.6993006993006994
0.27729891935896306 0.7824373576266919 0.08316008316008316
0.41152404623307215 0.5669399660827151 0.14479638009049772
0.7563164579384168 0.34763703006782715 0.49746660525103636
0.5077353932427673 0.6877539508549921 0.641025641025641
0.18983759779383408 0.5724920953011169 0.8050089445438283
0.16621102307041732 0.517334488290672 0.0
0.5471719867377507 0.8045409775967863 0.47032157529395097
0.10599499403669708 0.7632137828343614 0.0
0.6708133765436312 0.5383684994607603 0.6743940990516333
0.18473375961952704 0.6657429873346128 0.40133779264214053
0.14827899081807402 0.6854857491423347 0.34188034188034183
0.554017843001993 0.4536316414633335 0.1923076923076923
0.21331676889967802 0.561334369918162 0.7434944237918215
0.4562211444825685 0.6498386618496508 0.28846153846153844
0.7386331748637949 0.45587971482153644 0.0
0.3215353144686253 0.6854537516096522 0.2600216684723727
0.42119307452861027 0.6546091075436351 0.0
0.2091692110086267 0.3803133435249717 0.0
0.17659120599042066 0.5491366877680836 0.6334841628959276
0.15014272097644787 0.527270693614807 0.3605769230769231
0.17102911114813873 0.816838860917316 0.0
0.1495550837289415 0.6996338017661228 0.5128205128205129
0.49210255415824994 0.3584761967794732 0.05994005994005996
0.41416790964354266 0.46337690530264825 0.26525198938992045
0.3211153041493586 0.6548913917554661 0.07889546351084818
0.4320245859784741 0.6718948907794227 0.17889087656529515
0.3963069290594926 0.6460789947864631 0.3076923076923076
0.18348856726139076 0.606451395708385 0.0
0.2751762539774816 0.38725224454456747 0.621301775147929
0.2744060387907602 0.6465607216371793 0.5917159763313609
0.2124953744823168 0.72356735911326 0.8461538461538461
0.43009907588034585 0.27142289891174065 0.4142011834319527
0.35089229943214756 0.7228613635426117 0.02530364372469639
0.20035932479412394 0.6358581338200985 0.5835543766578248
0.4063753687732155 0.739797034313215 0.06410256410256404
0.3497899976814949 0.616716685054881 0.8058608058608059
0.17412913311034756 0.01158150179378608 0.41958041958041953
0.6265356390249601 0.6953923890518753 0.01411432604093146
0.6558832816690386 0.414460333771047 0.7692307692307692
0.2967771275624031 0.5204784638572912 0.5528846153846154
0.15092488763790304 0.39213752411627883 0.5128205128205129
0.15086160130454349 0.3488204333227495 0.7100591715976331
0.3005648432988316 0.4120561104698365 0.0
0.5711202257565087 0.6708301928066677 0.7230769230769231
0.29704596833214547 0.5127995125996713 0.46153846153846156
0.12120993119578814 0.3452523348633379 0.8376068376068376
0.2799314195508196 0.8377006752603318 0.3076923076923076
0.5308211954617305 0.42834615134541676 0.05917159763313605
0.3158193871895185 0.7651820731648338 0.2662721893491125
