T:1607232742.684073
~~~
T:1607232747.414554
0.8557846352139757 0.7128107682604429 0.7126207126207126
0.31322708848258274 0.8044487513070717 0.33936651583710403
0.6548252836534555 0.8476217794495928 0.45924225028702637
0.4250300510587051 0.8781815541373351 0.879120879120879
0.3654044620500247 0.7234782910880299 0.3365384615384615
0.5383632207809765 0.6433070157513759 0.19851116625310172
1.0 0.7507446442035743 0.782122905027933
0.510612208699682 0.7743592792477033 0.6153846153846154
0.2394225036291 0.7832285163490603 0.5769230769230769
0.745126455622432 0.5450066897054145 0.008766162612316483
1.0 0.8052344749334717 0.009267840593141742
0.710302100813546 0.5129017403423278 0.1382385730211817
0.3573107507236062 0.7496885734223813 0.6710310965630114
1.0 0.5578103105881979 0.017094017094017033
0.3918852302815981 0.44576312747951313 0.5899925317401046
0.6171753279405744 0.42942322632847474 0.4065934065934065
0.2517381371481137 0.6164802328388259 0.919206579583938
0.3096656093681572 0.8002877705998048 0.22377622377622383
0.4333062266057625 0.6938909880961119 0.6192549588776004
0.4028198888224779 0.8041443885722701 0.16194331983805665
1.0 0.7270818590340267 0.49643647087736537
0.37687808672965994 0.6098841957617359 0.0904977375565611
0.4194556841016979 0.48974383297647983 0.2447552447552447
0.2413952278817741 0.538553142365988 0.43269230769230765
1.0 0.5266963194263232 0.031397174254317144
0.6149867008020883 0.4781505438768187 0.02465483234714012
0.3052425719011716 0.7244487511970547 0.03344481605351168
0.46283118355690117 0.6255089761917964 0.08097165991902842
0.6587907319777953 0.6999819563794595 0.11502516175413373
0.7242165579317318 0.633248188766333 0.5842259006815969
0.6167061776803435 0.5238126499662071 0.8585858585858586
0.4598079863173413 0.5004632987838105 0.18053375196232332
0.37483867259730597 0.13989069571740018 0.7466859049508521
0.49327179538168725 0.6203696806415377 0.6946231026498585
0.7286395332649589 0.7016902113980419 0.7828454731109599
0.2578965467343083 0.26468230157480216 0.13574660633484165
1.0 0.2366214113275489 0.2923076923076922
1.0 0.206239978811538 0.6684350132625995
0.8127615392272896 0.4179791864105284 0.23551001682214398
0.2212039269675608 0.3896361237242292 0.0
0.48911990781647774 0.36147910412435974 0.1538461538461538
0.34577796078807316 0.5059991435432324 0.7692307692307692
0.9779051228978801 0.6070646488367123 0.0
0.7923664649250073 0.4704453108861901 0.05730659025787971
0.8077526936706844 0.30375694002698655 0.3901361796098638
0.31422884453733513 0.4808506137443006 0.7116231785835311
1.0 0.49965497237400197 0.7211538461538461
0.46093189777730686 0.31366819461415607 0.02342834830144482
0.20598130493448946 0.38300092967011523 0.7936641671581429
0.6157702200863282 0.5672555394528581 0.3139717425431711
0.9174345159158572 0.26121918761840385 0.6289308176100629
0.30914995686496094 0.4913652290960967 0.6513194834362718
0.4284625990622611 0.5491448234532995 0.0854700854700855
0.7785144169723862 0.7230080528715046 0.1183431952662721
0.5256870937487106 0.624331681806038 0.6919006919006919
0.3257168055746945 0.5025170683015844 0.6747638326585695
0.34629503840347275 0.6184573947305115 0.5128205128205129
0.7660428926236671 0.7282188117788844 0.5517948717948719
0.8934525513435719 0.2593871826196978 0.0
0.9276256853944114 0.5571687653078946 0.015333503705596658
0.2711613104931179 0.2580769182870732 0.7238658777120315
0.7714771250701031 0.48498525175579005 0.7133648474430597
0.7355649248985031 0.3437440589055436 0.32565974171813583
0.2839023440417791 0.47687586664176135 0.5509838998211092
0.9983436439233838 0.05112335876776746 0.9130977130977129
0.3047636628441995 0.6924105438532968 0.1910507792860734
0.6719633310191362 0.7171287823439556 0.6293706293706293
0.6839873695088649 0.6991449641857627 0.26525198938992045
0.49057075018155055 0.25103842111801294 0.5576083305340946
1.0 0.7140844709375638 0.011926058437686366
1.0 0.4104638115701509 0.4569892473118279
0.9935235880599625 0.368642938256709 0.3369639210347174
0.5588272995656121 0.22770848682451275 0.5418872625350358
0.23906737847837514 0.4428077772337555 0.6703910614525139
0.9438081582103562 0.1279166368042022 0.5698005698005697
0.25392424796161206 0.5232666051646889 0.0
0.2828225978641233 0.34895024180869794 0.0
