T:1607427126.1672032
~~~
T:1607427129.995567
0.23170144778572033 0.1075633506569697 0.09615384615384615
0.2036466349714504 0.3017939336622641 0.97165991902834
0.21695058882758475 0.1939645074192347 1.0
0.308596782457837 0.40635647440379524 0.8450704225352111
0.1009937935976939 0.3136048463030049 0.7495069033530573
0.9659255720163046 0.4459691750819671 0.21024528616719507
0.596320314530439 0.33125440426024627 0.5724508050089445
0.3082561296075038 0.25498614423225924 0.41958041958041953
0.5598754480118943 0.6663184923361216 0.7300150829562594
0.18735153254803247 0.6238911412116958 0.7967032967032965
0.8428071535084469 0.6495093599497131 0.5991305991305992
0.07710626759289378 0.7885265282523489 1.0
0.1662528208221256 0.2998410467730555 0.8284023668639052
0.2901520315265372 0.17969058085906464 0.42440318302387264
0.21063822076290875 0.710868953175315 0.7085020242914979
0.807017799834856 0.6939204273986571 0.6318681318681318
0.26337468707043593 0.8072568764299011 0.25641025641025633
0.8604982311508292 0.6023196638917439 0.5714285714285714
0.5903988077918314 0.3998857334984006 0.13133208255159468
0.08540364398158068 0.8210741206287978 0.1538461538461538
0.7572207782539971 0.6853123475550807 0.4909983633387889
0.20068851130179974 0.7039236997411216 0.3846153846153846
0.18920387410555448 0.5009630783694944 0.0
0.1868636101687621 0.4553179798612073 0.6593406593406593
0.11708768999703387 0.6865451573012843 0.0
0.9585483879584766 0.4024543083650231 0.024113817217265448
0.317554993090023 0.6026311658386639 0.0
0.767842338551821 0.32628572401497413 0.5210918114143921
0.5035984535426293 0.6293580369273999 0.8725602755453503
0.8276695538995867 0.623396469888435 0.6199508254302775
0.5300519823298756 0.0680821730339901 0.7264957264957265
0.2012306288646697 0.8011163005955124 0.33136094674556216
0.1638661205760657 0.38257413490008524 0.0
0.21600175063492932 0.8881427054761055 0.0
0.4048018066476654 0.7148530808978574 0.10106681639528359
0.1464086431064154 0.5240643079807079 0.7692307692307692
0.6053070485382632 0.6922807978908262 0.27730294396961064
0.643904296291158 0.35370060694972966 0.14464168310322156
0.24551070157815852 0.9319596386096846 0.21978021978021983
0.6670597946284071 0.9028524979058064 0.0
0.4587163877990254 0.18699515055150917 0.1923076923076923
0.3544095649044094 0.48298172696283576 0.6008192990441511
1.0 0.21184673182162156 0.8944543828264757
0.45448076043903973 0.6405004621292952 0.09230769230769238
0.3629993945160479 0.9673733365964552 0.1538461538461538
0.2196851384805846 0.6154674222491965 0.6334841628959276
0.37457728705055104 0.7056446925939708 0.588235294117647
0.2967724440027032 0.5377254070401885 0.9615384615384615
0.17870182586894123 0.7859354349854485 0.11396011396011395
1.0 0.3199597480249057 0.03846153846153849
0.9027804365370987 0.6772915210515427 0.6746194981489099
0.5063142079012469 0.6682481328268459 0.0
0.6327627742970272 0.8363291817741502 0.23610053313023613
0.5233902847120504 0.6251036041693273 0.6593406593406593
1.0 0.6973929168255462 0.4381694255111976
0.577966032641305 0.7668263131331349 0.8097165991902835
0.6336644183061596 0.6415791806779579 0.2393162393162393
0.7566368910701702 0.3525493792238772 0.3714436248682824
0.5441516496681187 0.44486034293413584 0.0
1.0 0.5901793186393159 0.5969339302672636
0.29677347959919764 0.5078959487210795 0.41958041958041953
0.6217026893901278 0.5157825748783192 0.015182186234817732
0.31787135537205313 0.6337009031527314 0.0
0.0940808310478595 0.5900892044520651 0.34188034188034183
0.2826454732326957 0.8474145153632506 0.0
0.5609705900691271 0.7955322629059839 0.23529411764705882
0.44688917928239047 0.45508110616249836 0.0
0.9235133266800426 0.39301472126259995 0.37349933303690525
0.592208515013508 0.5404599418622039 0.5128205128205129
0.49596742843695707 0.8676343518486229 0.0
0.32200145724171486 0.5574992250685087 0.0
0.23920474722309717 0.738294880492486 0.3770739064856712
0.49910878361958994 0.8745834772406342 0.4395604395604395
0.1462736108222689 0.8549174973615754 0.8097165991902835
0.8990518768274363 0.46687279340792487 0.3984295477679221
0.4547858958287907 0.5081210618910222 0.0
0.6388584853047322 0.4220008668966001 0.0
