T:1607427590.999596
~~~
T:1607427600.178821
0.16908916736675283 0.4840959573920794 0.9549071618037135
0.41109426446738107 0.6933776218567093 0.3692307692307692
0.19412327444372657 0.23905552266736155 0.5128205128205129
0.8092246042940144 0.14577212697881212 0.6721056721056721
0.47649181600071605 0.07614282902479501 0.0
0.2757994322779122 0.8733066933213807 0.5778259299386059
0.621791429487117 0.5760042781208058 0.0
0.626343889401484 0.46521003286359414 0.0
0.20593427039267942 0.7401066432732121 0.5594405594405595
0.6552058906937915 0.3935591757922995 0.7630344339205098
0.10810535494796926 0.30225693198928855 0.21978021978021983
0.5263019012627382 0.7148765583594222 0.22913256955810146
0.22952484205453866 0.1124542659130163 0.16421780466724292
0.5860552131642597 0.5179930145951935 0.16632016632016633
0.4454294615174957 0.6275015603141254 0.44198895027624313
0.43079841892812853 0.3851888141668171 0.29585798816568043
0.31123196059078956 0.7263320310024597 0.22267206477732793
0.9240157758859694 0.49530614909857096 0.170940170940171
0.24668036605326704 0.4242107205397231 0.0
0.18751764686428266 0.6981104061096642 0.6293706293706293
1.0 0.10093465109396207 0.6868131868131867
0.35232788896263295 0.5153601990410616 0.7239819004524887
0.29542216433285257 0.41806807500646886 0.1809954751131222
0.3218889099316788 0.5272157814849261 0.0
0.38808017824723173 0.6927457865119956 0.757020757020757
0.30145569244213544 0.34763688758027395 0.728744939271255
0.549401972317595 0.409246173446876 0.6688963210702341
0.4505105816986567 0.7510617777402864 0.0
1.0 0.7231316481688531 0.6362913305306214
0.6853017038935125 0.341021824738565 0.19746536987916294
0.16940807659557194 0.8790173014507553 0.05305039787798402
0.5479872330924358 0.7354966626727222 0.0
0.8682705175849019 0.5930400701840357 0.10375670840787114
0.16525062784604422 0.3038239282360354 0.6923076923076922
0.19520168693250695 0.3502132399378493 0.923076923076923
0.28429856117580765 0.8445685893711137 0.5384615384615384
0.4189061883468118 0.3337637558755139 0.22988505747126442
0.4495949249179034 0.28361512757301144 0.0
0.43169743453040865 0.6376640193829195 0.35294117647058815
1.0 0.5609392955030785 0.0
0.21563249622921957 0.23638218519119295 0.547588005215124
1.0 0.44884586204758503 0.05420054200542001
0.18799950495345344 0.7282426937703836 0.2977667493796527
0.24434310497664408 0.4478291562943285 0.0
0.5076945508466691 0.41706968524853705 0.0
0.5032681109699412 0.6016211848936914 0.8196170641585488
0.8415305742451469 0.7281795153874229 0.3817663817663817
0.6740442015691449 0.5802582770297603 0.11783960720130933
0.2418169190425858 0.4031548789612776 0.8974358974358972
0.21260936972748756 0.20858851336860593 0.7912521831574151
0.4709572127104063 0.4995960864411726 0.34952012605643884
0.12388528054027738 0.6705415411031544 1.0
0.16358086352736304 0.36661859062010266 0.8284023668639052
0.34008830171197985 0.7214622549259637 0.717948717948718
0.44606269871437276 0.6545414253477143 0.6769230769230768
0.5176347856532191 0.47640749202082616 0.9549071618037135
0.28901025749922826 0.24602344501953297 0.0
0.4393243446119033 0.20595457887839644 0.5833571632828138
0.7251962408396524 0.08724409150848965 0.8505917159763314
0.8239207701639766 0.4684788683910589 0.699873896595208
0.18150618802187257 0.7641687626255783 0.4395604395604395
0.3201290396793846 0.12375897913798911 0.0
1.0 0.7853748511575501 0.7793643482266237
0.3802129840099918 0.20552399560297357 0.10989010989010983
0.4249690605559757 0.3901768819508982 0.7859531772575251
0.824255327492252 0.6472411838454473 0.0
0.9069268000001667 0.3390721914909846 0.22025696646087103
0.2532862553898996 0.8423215619699759 0.21421616358325213
0.49163365756031924 0.7445620945215143 0.11188811188811192
0.3416357198828335 0.6142627918276546 0.10918114143920589
0.45448395020613186 0.059397917369643664 0.03702180172768406
0.3323995351860921 0.7148425813821618 0.5128205128205129
0.47899884226952927 0.727318979421994 0.596546310832025
0.4479031144127962 0.7181154632411412 0.0
0.47968569019285645 0.24869218378200444 0.5128205128205129
0.32506811682828257 0.6836868312807608 0.34188034188034183
0.7884175040161159 0.7359794227721516 0.010088272383354396
0.454101794122635 0.5545337093428852 0.1337792642140469
