T:1607428050.973793
~~~
T:1607428052.469562
0.44739746788057755 0.7724283673517288 0.0
0.33649463238677024 0.5259736608496004 0.0
0.3454026631398622 0.4709301388539356 0.1398601398601399
1.0 0.36793395101213333 0.0
0.608781311266128 0.6239411333409582 0.06153846153846159
0.3730528277437878 0.6537435490460951 0.0
0.4328550225920175 0.4910651789429699 0.3846153846153846
0.31660317106132513 0.8378003800893902 0.5835543766578248
0.3573796983357652 0.39831136782270143 0.7100591715976331
0.31175900247797683 0.4382163218477236 0.40485829959514175
0.04689779731838103 0.7817941407491797 0.0
0.39966373949891715 0.88059087922656 0.7100591715976331
0.4770038770176011 0.6477024203898192 0.7081807081807082
0.6170060767923279 0.674303479580125 0.0
0.6419359741818051 0.47433782441297895 0.6533192834562698
0.45650150084086644 0.12745409978347405 0.0
0.877125336210629 0.4743311109365803 0.21426062521952927
0.5786821739844892 0.9561433641421722 0.0
0.7375267156170381 0.8112052865643947 0.21978021978021983
0.36940796663357833 0.44446911124692823 0.5200433369447454
0.4944976587734349 0.7749487652472907 0.21978021978021983
0.21701430759584123 0.13995636304455297 0.1923076923076923
0.6265805465237594 0.47372731106806626 0.7100591715976331
0.5690362696096075 0.7117005971848178 0.38019451812555255
0.5609775175261414 0.8923057755475655 0.5405405405405405
0.967374614344824 0.7326847415951779 0.1679929266136163
0.33910278831529145 0.6751503770587001 0.32967032967032966
0.3960612334417167 0.36498938609970083 0.7484407484407485
0.3593821418322082 0.5248330814818755 0.4733727810650888
0.4845501779311011 0.5617913779388468 0.0
1.0 0.5116575769138616 0.334448160535117
1.0 0.6109203444796693 0.5827505827505828
0.6839693647162488 0.25520772770763084 0.3263403263403264
0.13063779318072694 0.612474920309359 0.2714932126696833
0.2450856745581871 0.7527876124337696 0.4307692307692308
0.5038178828812175 0.35674947992905925 0.0
0.13174327783015863 0.16832022736823685 0.879120879120879
0.5833785642712191 0.38349291893523685 0.0
0.26454743409087655 0.34608545433770205 0.6769230769230768
0.4824976766175341 0.8017017917841425 0.6438127090301002
0.45005975618454647 0.6681751985598534 0.8695652173913044
0.5104568342131695 0.678994955422918 0.0
0.26421799598165124 0.5188858723230261 0.9401709401709402
0.7817778876335963 0.7331023742712615 0.17416545718432505
1.0 0.6190343501781455 0.6203473945409429
0.43164692148512995 0.4091776559174944 0.5594405594405595
0.7068819847323756 0.31635285282135917 0.5128205128205129
1.0 0.5138737218132711 0.8362661303837773
1.0 0.32370263350947476 0.2064183196258668
0.35294340990805034 0.31515971915591956 0.40293040293040283
0.806857710393066 0.22917339909983475 0.39160839160839156
0.2758051317012576 0.07486903922292977 0.4733727810650888
0.3266846413407742 0.3694288871089989 0.0
1.0 0.6386757084349817 0.6105006105006106
0.31796295396511043 0.350844782488301 0.0
0.30501646638157015 0.19589022773240325 0.6293706293706293
0.5318552812910073 0.5393178144566093 0.0
0.3884877530030979 0.05406890001873031 0.6038820992092021
0.21821508949840923 0.4787733231630934 0.923076923076923
1.0 0.7314931432663822 0.48874443240640425
0.6795878621355738 0.6458464455148805 0.0
0.32820683602972645 0.48611808993155253 0.774928774928775
0.13314945564894579 0.13764264706961143 0.0
0.5133514029528425 0.5454406036724396 0.6709589969501862
0.269479427906913 0.46860562724848354 0.21978021978021983
0.536302845437151 0.34117526879184157 0.21978021978021983
0.5766347614074092 0.3167961359362014 0.0
0.27081271225582004 0.23340287927267137 0.5128205128205129
0.6067530122363591 0.5940455088848383 0.09230769230769238
0.2948574853561723 0.11452937333655934 0.1923076923076923
0.2900634939846472 0.1923318193617071 0.025015634771732298
0.4225738514781512 0.6751778422461765 0.6009615384615384
0.23491850786293464 0.5481778337218893 0.3076923076923076
0.9010047510752763 0.279823801902775 0.5066120320357608
1.0 0.673353021853971 0.09661835748792262
0.22244097063243667 0.39614265103145113 0.5128205128205129
0.6041154909601306 0.5264687918760972 0.8263114976895896
