T:1607427428.350754
~~~
T:1607427430.3686988
0.5559429345852214 0.7682420046203192 0.0
0.48659913326009235 0.6182854610028704 0.21978021978021983
0.6824079537157898 0.5736713547366941 0.0
0.41038083174591317 0.683455174223283 0.08097165991902842
0.17494194154416132 0.8168191706239414 0.0
0.4129548615491473 0.8483733957653948 0.0
0.35585018432263593 0.37195797824676846 0.5594405594405595
0.6894509986836141 0.7852266548657031 0.1883830455259027
0.37608615317308475 0.5991454931041668 0.0
0.6448021829876317 0.7108876526657759 0.1923076923076923
0.19790267852490925 0.5894439638930912 0.1809954751131222
0.5141837696510717 0.3927799759293815 0.1465201465201465
0.18585176672701637 0.6275979189428949 0.0
0.16732324633008272 0.2776163202504565 0.0
0.41417331988682693 0.8997872935507872 0.4395604395604395
0.8194208122359535 0.758106169903161 0.0
0.232394782453472 0.6316938579278895 0.34188034188034183
0.21134913401121813 0.7227107709006136 0.0
0.8709867934352848 0.7790913037319213 0.42232277526395173
0.13806784709387782 0.39806683060763404 0.0
0.20240416501656902 0.7185171241848275 0.12820512820512825
0.4565024458750701 0.49409518145821146 0.46153846153846156
0.1175650270104376 0.4205455952073453 0.7692307692307692
0.4343759176948877 0.4491119881429816 0.0
0.28485540618261956 0.5370010945196919 0.6451612903225805
0.605446055799958 0.6467634828942876 0.25641025641025633
0.2544277886316291 0.48292789677772796 0.0
0.17018839019132886 0.6066912704514379 0.0
0.23040547310140128 0.7729140220597618 0.15009380863039395
0.26951591785760326 0.7679517176998427 0.3641329085116067
0.7350018280184887 0.4973685941901136 0.0
0.25023683391006346 0.8681853074404868 0.34739454094292804
0.25474031525003604 0.5922575575613059 0.7392607392607393
0.3633893479243201 0.7728371074151946 0.30312907431551506
0.8022377172059044 0.6899740582486352 0.15348920221310008
0.2811179852196405 0.11180050424099769 0.8753315649867374
0.10996576020512679 0.8361899288672576 0.5654174884944116
0.9414625920932723 0.8762515666712214 0.0
0.46611276592125644 0.7488677397353277 0.7583965330444203
0.7232818220241861 0.5185597434084507 0.0
0.4819913864411624 0.7187718841124286 0.3096903096903097
0.6369264898254934 0.1885764575834735 0.5694305694305694
0.40294054482643404 0.9079663860759483 0.7016414547795301
0.4656984862769644 0.5084319880444531 0.170940170940171
1.0 0.6530546195750888 0.5314685314685315
0.892158370342404 0.5310077839869611 0.1923076923076923
1.0 0.5534872196073258 0.07925407925407925
0.13504816775403647 0.486565107601232 0.0
0.6042846138512241 0.8068897082853028 0.1183431952662721
0.12321608539659053 0.6125069194006042 0.41958041958041953
0.5711747304219424 0.3563801732171278 0.0
0.31081729657623697 0.5679824073476144 0.8205128205128205
0.6717003775832217 0.7839346710474207 0.4344492716585739
0.17335259092855307 0.3763877847886853 0.46153846153846156
0.871633020953944 0.3762450760378554 0.0
0.278456833383593 0.6080864233014615 0.9858103061986556
0.7377243449218088 0.5959381260647959 0.334448160535117
1.0 0.8469998020233158 0.7249510863968694
0.24882732392819903 0.5173644494150907 0.0
0.9567741166058146 0.6868994539040661 0.23499173857169076
0.24830522544530229 0.4154318882651899 0.06993006993006987
0.45942377061870443 0.40925149016429424 0.3396603396603396
0.2508874671747149 0.7714426174142618 0.443213296398892
0.27780555648756683 0.6201000835170315 0.6041958041958041
1.0 0.5165607970746144 0.0736497545008183
0.39588452800456453 0.22754265113810165 0.0
0.24241422592496514 0.4744368811360034 0.9262166405023547
0.9271953649223869 0.5773824548999072 0.0
1.0 0.40758904213788155 0.44121915820029034
0.344716661380635 0.18062071565369828 0.4682274247491639
0.19181273683658423 0.7445696848369185 0.2366863905325444
0.2127493878198657 0.844494616543944 0.24813895781637713
0.5661451000714325 0.5838525166799369 0.0
0.19706667885863025 0.18445454488902685 0.4339250493096647
0.5491419640041596 0.6949067558098009 0.0
0.2731563425843598 0.29132656420941744 0.01091107474086199
0.21778304123631856 0.462033355153803 0.12066365007541487
