T:1607427311.339905
~~~
T:1607427313.502761
0.29795884723145327 0.21124009945055638 0.879120879120879
0.5070751537617831 0.13758702259933286 0.276923076923077
0.35991857260211596 0.18403114062690018 0.17948717948717952
0.08588044401724036 0.6577364079192867 0.4573804573804573
0.3090576230799971 0.018078333763178786 0.12820512820512825
0.4011693545453956 0.32656659611668465 0.6334841628959276
0.28456795958456244 0.3526309069050609 0.40694789081885857
0.2704329468693524 0.2435520711491744 0.0
0.6412275728896605 0.2965905280389682 0.1846153846153846
0.2883606500289199 0.04900387746578353 0.0
0.15264449225903232 0.7200869009366391 0.5384615384615384
0.5119115846463791 0.16406296875784385 0.0
0.4771655752424888 0.3243104738637708 0.0
0.5146986815909258 0.4556983179140163 0.12040133779264213
0.35565602454540307 0.5718661794319575 0.43603455368161254
0.2589096519675164 0.04755649024316435 0.641025641025641
0.11760757006268902 0.185926400283344 0.8615384615384616
0.48356905106007386 0.3414257649341911 0.23076923076923078
0.1658416999646082 0.17947683942882298 0.0
0.18249417275479338 0.32707139994106255 0.3619909502262444
0.11753748539857559 0.5506127890737519 0.7444168734491315
0.8814745958258872 0.37516628886586467 0.8081412750673451
0.12525568376621185 0.5714923310902889 0.5305039787798409
0.3859169176609778 0.36586935670408005 0.7317073170731707
0.36014092435802897 0.19606953420776183 0.8333333333333334
0.6758145086925439 0.13040457400621255 0.5769230769230769
0.7488810553497686 0.4376794116086712 0.8810773795937
0.35875533316524777 0.6891255591590928 0.7692307692307692
0.2991526972925149 0.24668509517004786 0.6911928651059086
0.1660549946960968 0.35973321777219935 0.923076923076923
0.41217719770949274 0.9097001501536329 0.8205128205128205
0.40618625729390034 0.7941517267344751 0.17416545718432505
0.6646409746974841 0.515060356493923 0.13956507627393702
0.3185097621385589 0.4120551787184408 0.7692307692307692
0.29104873781225243 0.724391203998506 0.3263403263403264
0.24710646809723077 0.7777917922185607 0.2324294410625345
0.5576340161775704 0.7981661382886738 0.32200357781753136
0.48424801617510194 0.6544364606294112 0.6941838649155722
0.5806394626545607 0.7730865000417807 0.6464124111182934
0.9298931422483075 0.2934930003574548 0.7239819004524887
0.3455531856173408 0.7173921690300644 0.6837606837606837
0.7903324610784395 0.4334965366808882 0.18028846153846154
0.5667528313812709 0.7830046438113649 0.19417475728155348
0.172614986933 0.7412774608983984 0.7692307692307692
0.604354006501337 0.4992814795357989 0.3093495373567187
1.0 0.33277555502949974 0.0
0.41631674503886007 0.17694895213950307 0.7250221043324491
0.6640383443456025 0.6950874984988289 0.5605900948366701
0.9116247850166473 0.4265262536174659 0.27972027972027963
0.3174098399807059 0.7520867790785212 0.5977301387137454
0.6372731141139026 0.5352269057355798 0.49324721080446265
0.6708846256046647 0.5356018188010605 0.7095187917105725
0.2047739778462523 0.703148865693666 0.7100591715976331
0.5501642609457401 0.5879632951213459 0.10256410256410253
0.5604246405239949 0.7382112712848364 0.5743589743589743
0.8102117153129526 0.6695948610153396 0.6571318129107073
0.657102889314895 0.47274426654399043 0.4359735220269344
0.5341477083713516 0.7654531696422898 0.0
0.24910781793418635 0.21328051042060703 0.0
0.5496993409916195 0.290190510431728 0.34188034188034183
0.6578742255111437 0.6055682904123489 0.8249721293199553
0.44101242833625814 0.47284778421535734 0.594871794871795
0.5998141053989211 0.6713644505111426 0.170940170940171
0.5857071168178525 0.7871292219058305 0.5846930846930847
0.633616524023837 0.8580383412763568 0.254180602006689
0.3250466023041197 0.7110286875846126 0.1398601398601399
0.21231879076190466 0.6093891353791786 0.3944773175542406
0.4606393570339039 0.8354266661987493 0.45924225028702637
1.0 0.2913773519269977 0.3422892896577107
0.33289994877641044 0.8955408313899126 0.37606837606837606
0.7327426952243286 0.7363018018994223 0.34188034188034183
1.0 0.357797666018953 0.4899011602922218
0.7431154978009192 0.3192489731840209 0.25641025641025633
0.520011842574795 0.7085632461499638 0.5328005328005329
0.5938296773759781 0.7845683298853112 0.5997392438070404
0.7849914784553235 0.4063667344599867 0.0
0.5949778673787011 0.48426046202492296 0.0
