T:1605620905.22
~~~
T:1605620907.37
0.853401434946 0.844319928113 0.00814000814001
0.202704398269 0.573558235583 0.0295857988166
0.599467798549 0.737922828981 0.0
0.188366391181 0.911805127159 0.0
0.513409076492 0.75969238746 0.308868951316
0.690929504106 0.597566595981 0.564102564103
0.254754753956 0.61384042451 0.0
0.858045977033 0.665770531293 0.674157303371
0.85249648735 0.308806376213 0.04662004662
0.274846043357 0.625710751615 0.865384615385
0.746117258325 0.378143504051 0.307692307692
0.147003755171 0.434913945062 0.683760683761
0.975717976182 0.855675331029 0.559991913474
0.324558919014 0.750308545708 0.0
0.109943759783 0.912107190936 0.17094017094
1.0 0.706737782844 0.750915750916
0.191174190285 0.252390991392 0.433159073936
0.427341933583 0.591321436406 0.748440748441
0.38333150264 0.753844336361 0.0
0.120798715574 0.492482953237 0.0
0.493442340624 0.169533602439 0.588793922127
0.121899441346 0.690494411794 0.35343035343
0.241609628767 0.880789242281 0.769230769231
0.198773663935 0.611079406635 0.404858299595
0.254564077901 0.754723388022 0.641025641026
0.0680233930627 0.671805939069 0.641025641026
0.433612161356 0.556329166571 0.221261884183
0.790778031234 0.852662457914 0.358476474981
0.6617901793 0.703604016161 0.0
0.670539146786 0.236709569667 0.0
0.276402022244 0.613733286597 0.0
1.0 0.763688570569 0.155138978668
0.632531095852 0.63825681 0.510110761102
0.347040478498 0.467258490786 0.34188034188
0.0969842152869 0.536715688322 0.320512820513
0.679207138682 0.644833783079 0.693466440859
0.600450397579 0.797156287467 0.681998413957
0.081229678063 0.6403885984 0.307692307692
0.251552029515 0.502099737877 0.0
0.160838793279 0.807629476067 0.0
0.329391740241 0.911489621123 0.192307692308
0.729765391529 0.494889371656 0.262901655307
0.212211477965 0.11279474685 0.34188034188
0.211649757748 0.701408532342 0.0
0.471631534364 0.719265089912 0.13986013986
0.257657962198 0.396208173467 0.217948717949
0.2860750876 0.358564231926 0.4412191582
0.614586505067 0.579984801972 0.629370629371
0.717301687264 0.520704220837 0.00476303881877
0.781256649788 0.815193142948 0.492709904475
0.919187069216 0.388996176371 0.554854981084
0.532194467846 0.538652250727 0.0976800976801
0.189790771522 0.243686391238 0.15132408575
0.56953688192 0.16012466726 0.0
0.241811518259 0.617316937342 0.534011443102
0.27259360476 0.308146103934 0.0
0.837580993941 0.498252950099 0.381807973049
1.0 0.651778738211 0.657860657861
0.300113518275 0.945502905324 0.961538461538
0.118243865411 0.554795112909 0.723981900452
0.117173309596 0.575218893365 0.512820512821
0.28185901941 0.721939660975 0.751341681574
0.499378230314 0.777525804594 0.128205128205
0.0879834325036 1.0 0.732600732601
0.172657895588 0.018806321215 0.0
0.253360715204 0.366192716656 0.769230769231
0.24555803253 0.22623847409 0.125588697017
0.339001889561 0.179346226189 0.734120651133
0.221804088325 0.749857562841 0.828402366864
0.374539119434 0.413344348694 0.101437024514
0.123969074596 0.492376470091 0.384615384615
0.332134290356 0.583840738935 0.447552447552
0.507680786568 0.807227395176 0.401337792642
0.595562268877 0.349910826828 0.389743589744
0.344949933299 0.603229019114 0.642781875659
0.526606770396 0.605958777737 0.717948717949
0.394136449426 0.482256308387 0.384615384615
