T:1605620817.19
~~~
T:1605620820.86
0.7491030655 0.254864005519 0.756620428752
1.0 0.180974995906 0.429280397022
1.0 0.539830108007 0.330484330484
0.842803569617 0.738155839523 0.677655677656
0.293663730089 0.116657605281 0.485829959514
0.627011894839 0.397657048803 0.0
0.53864172832 0.090184866897 0.828402366864
0.594150058075 0.215172027071 0.289106866288
0.701349283074 0.377755933588 0.34965034965
1.0 0.47225931164 0.593299644395
0.387687057085 0.725901711831 0.549450549451
1.0 0.0784222346273 0.685314685315
0.711580338714 0.0702458698792 0.644688644689
1.0 0.435933230448 0.265633646929
0.530304083598 1.0 0.710059171598
0.713947454218 0.390502127888 0.303643724696
0.472575717264 0.607423466573 0.13986013986
0.700534404492 0.272336433702 0.538041193779
1.0 0.258292535978 0.0226244343891
1.0 0.377202157426 0.0177344269563
0.441938623551 0.381829352366 0.0
0.577599174668 0.517927882023 0.79575596817
1.0 0.296890239435 0.536130536131
0.792132068966 0.772142433332 0.0961538461538
0.308136951202 0.515294623225 0.563186813187
0.175429082257 0.844262267656 0.384615384615
0.988039544123 0.198445830064 0.226785167024
0.53874336132 0.771566213566 0.0
0.551663171179 0.27788653865 0.27972027972
0.396121677495 0.580914971541 0.192307692308
0.778312532549 0.335754683375 0.0150338261087
0.448597172141 0.734400423854 0.507386653082
0.561486770607 0.618559362374 0.751748251748
0.749367510585 0.848900123628 0.584152689416
0.857299242516 0.570252128545 0.0949667616334
0.931619291974 0.542939782196 0.613643781961
1.0 0.737973659872 0.11396011396
0.149746280005 0.262899171318 0.769230769231
0.638805440029 0.621443165511 0.0
1.0 0.429395409518 0.0
0.622120812997 0.624978476268 0.348755449304
0.865926360873 0.595647824039 0.230221085328
0.842514043132 0.714401174836 0.701357466063
0.317793580749 0.543917107226 0.41958041958
0.405942080541 0.515696667889 0.842490842491
0.160395923915 0.183355452047 0.251177394035
0.194319693529 0.848396865138 0.737833594976
1.0 0.744710585642 0.0
0.822237258471 0.754210719195 0.440886413737
0.450097577321 0.570675214157 0.384615384615
0.190231446082 0.36682879746 0.042735042735
0.871633183846 0.459310757296 0.0119724633343
0.993887052322 0.787440809098 0.593277690052
0.361240662906 0.537023564441 0.182595182595
0.569572276374 0.736128616771 0.263736263736
0.892518185836 0.75564331496 0.496143422973
0.391431246952 0.595906905305 0.0
0.614877826772 0.716525217912 0.58041958042
0.435265067707 0.742430948905 0.384615384615
0.972143613763 0.600761114108 0.0496277915633
0.325137282662 0.60072596364 0.636604774536
0.16156272538 0.767716341689 0.769230769231
0.311897290074 0.816805209227 0.0591715976331
0.966534591186 0.585486949739 0.177375565611
0.292079997462 0.602263590645 0.503235082674
0.846407802287 0.923169833269 0.506329113924
0.33248725232 0.596195013361 0.79871348164
1.0 0.649996828322 0.0174825174825
0.168321745651 0.783881045818 0.656108597285
1.0 0.769359349719 0.527840360476
1.0 0.780847762659 0.519632170486
0.906926954195 0.693485251677 0.390920554855
1.0 0.812145545663 0.399826162538
0.141861665209 0.854535855814 0.480769230769
0.859138999184 0.518610642084 0.411871592974
0.373111226831 0.685451527102 0.965034965035
0.400684826098 0.673542310475 0.0295857988166
