T:1607427248.013846
~~~
T:1607427250.911767
0.24042983128084036 0.7084580941958838 0.4352622605556113
0.4611255924822432 0.6410391678146412 0.115606936416185
0.5925615432938535 0.7822907165360156 0.05835543766578244
0.8946966545775042 0.13282040569479 0.004321521175453685
0.23206473901897004 0.3290322603885387 0.09324009324009315
0.5448949106850468 0.42543209535023063 0.3619909502262444
0.607975365759781 0.4127139279335904 0.8448500651890483
0.6558229359370099 0.5300800496601279 0.5902858470834302
0.42318726170074394 0.3550045899195777 0.015540015540015469
0.3332593879760745 0.8352925401914789 0.0
0.2695118728243951 0.3707672455738891 0.8097165991902835
0.5161068152866227 0.6882810054502837 0.8841732979664013
0.32134493396531444 0.5196095406757727 0.0
0.9047993444303633 0.2826765564543694 0.9350529709811146
0.7086800535261933 0.41866467172987476 0.20346243084062102
0.20238114299963797 0.7349401020602607 0.6907378335949765
0.6504077766040952 0.5108071347139541 0.8120124150658501
0.13004226349281206 0.8590258843758833 0.0
0.3091930563828466 0.19149642655008722 0.7414272474513438
0.46986681863534535 0.28226647326909715 0.07239819004524894
0.33798515553087033 0.6257808564926821 0.10256410256410253
0.24258356611918902 0.5249097905661392 0.3550295857988165
0.4414602889481652 0.40752393820755195 0.3076923076923076
0.6813012400949365 0.7103963419502743 0.5176813707619395
1.0 0.45280046500850907 0.0
0.20165449988860937 0.3324990742190336 0.0
0.3417895745911473 0.5885881431195986 0.1577909270216962
0.234272122985275 0.33158083376393827 0.3550295857988165
1.0 0.6320393964074061 0.4688420308634703
0.3116205526964387 0.6118326004568871 0.05384615384615389
0.732634868251787 0.7053610696369463 0.23865331344555715
0.5089667051019051 0.2336000415053993 0.0
0.8013706527371328 0.6832807956458625 0.5391587264699047
0.1400872687173303 0.3186598379875364 0.9954751131221717
0.7850855079257287 0.47102005252543494 0.46444121915820036
0.6891487863964678 0.7398812370828933 0.2906770648706132
0.9061545147908537 0.6036028480983252 0.2874049027895182
0.4971873491274281 0.5982953172347285 0.0
1.0 0.49932459852985683 0.050890585241730305
0.10288142052274885 0.37350584968212613 0.0
0.6246735519150515 0.15168757177933534 0.6844850065189049
0.9918907593052154 0.6825603729771867 0.5827505827505828
0.24588607309532326 0.7035103582415749 0.37881716273676064
1.0 0.7738145307897691 0.04234297812279455
1.0 0.6567539846574606 0.2722940776038122
0.8427079525762915 0.6093297439791615 0.8036739380022961
0.5341229304360329 0.09759502633267066 0.0
0.3717140054652245 0.3381698346509729 0.3001876172607879
0.320662584669388 0.4365077735928794 0.189520624303233
1.0 0.6357920191352118 0.5223716111968261
0.2003924943572109 0.5011246274475059 0.170940170940171
0.7371206792829454 0.8050397702274956 0.050031269543464596
1.0 0.4575337665146727 0.0
0.6674785600922027 0.8313033981278498 0.20389249304911952
0.6945702238608499 0.8284342610778725 0.46153846153846156
0.35206979888952183 0.47833834667229114 0.0
0.8618852348210964 0.5124517306708741 0.5471847739888976
0.45202712349179575 0.37159539680505865 0.3076923076923076
0.5784773973803853 0.7890433374748818 0.21978021978021983
0.9403150719248431 0.7050776812213816 0.25641025641025633
0.5724332216688741 0.42505458861608997 0.0
0.22079300990877423 0.18164205645577494 0.1923076923076923
0.8492406990622055 0.7155435579295691 0.6377622377622377
0.8830291037922579 0.31580930665452633 0.16430171769977586
0.532222155434021 0.21976016005969562 0.0
1.0 0.5120618191552075 0.30975735673722254
0.21208771442535299 0.43036368304653455 0.7384615384615384
0.354222158307266 0.5690575281792134 0.7087294727744166
0.8881009820961526 0.36902906092573073 0.04807692307692307
0.24430441583077295 0.25724280607463207 0.0
0.9816811214675116 0.5771270070053888 0.29106029106029097
1.0 0.13396297425093978 0.12820512820512825
0.8267633973047233 0.25556285980291693 0.10733452593917713
0.4392509520223878 0.46889797080290224 0.10989010989010983
1.0 0.8116044130409967 0.04621987454605488
0.8976285622656878 0.6980220436209319 0.16713091922005574
1.0 0.8104291085728724 0.0712250712250712
