T:1607578713.941247
~~~
T:1607578717.281148
1.0 0.5771421820560584 0.7307692307692307
0.5255822648040939 0.6097921146251462 0.22370486656200944
0.21819728414840622 0.6092581047432996 0.27972027972027963
0.24757479218227302 0.7994168232950059 0.11743981209630067
0.794061708184183 0.14136420290494653 0.21493212669683248
1.0 0.3612265766005396 0.5494505494505494
0.6783135765125863 0.6858386447649983 0.46703296703296704
0.42849173072283003 0.2051568708411909 0.5594405594405595
0.11273526103462676 0.7272918781673964 0.46153846153846156
0.634589705270838 0.5397486517804956 0.43024771838331166
0.37095255459674165 0.5182997531845845 0.22313564298297126
0.06245825183350057 0.2702970275223211 0.5769230769230769
0.5809755526576112 0.34643078546297085 0.27567807914628717
0.7397232534114375 0.06236190159198265 0.0
0.4203520743405204 0.5593620912130358 0.2494802494802495
0.1836573816513521 0.7147628689199051 0.8408982322025799
0.209380133677838 0.603893017743132 0.6759906759906761
0.37959114699159185 0.2359790639978735 0.03536693191865601
0.17271398681019873 0.8457243267246806 0.5384615384615384
0.5193409719400714 0.42942898014838243 0.33947273383893095
0.5637681166786931 0.48533358232625123 0.1183431952662721
0.7610182522200878 0.5881773756759447 0.0
0.5142219706554952 0.41035503729064254 0.32182103610675034
0.32964187332729405 0.7180567365811288 0.5285996055226825
0.7860355320944407 0.44773733008145516 0.0
0.229338027138014 0.5699954543325627 0.832579185520362
0.2899195111937854 0.8472696265213877 0.6702208682406703
0.9119512853830712 0.7457561339535856 0.1408711770157554
0.23823836760554007 0.7804565418437637 0.0
0.8448357162324039 0.8819302074499042 0.1183431952662721
0.3499082006422689 0.7113190133888784 0.6757728253055356
0.6020000260069523 0.5616610130567264 0.6538461538461539
0.20128611944426011 0.5323053882339616 0.3470919324577861
0.2742324722485539 0.6075751460917315 0.18003273322422259
0.7349252108389228 0.6903959501673238 0.7220454296060572
0.291025200042208 0.8322398125338936 0.0683760683760683
0.27243819841460576 0.6011567707153482 0.3756708407871198
0.27060556031907795 0.7109946622776238 0.2429149797570851
0.4014583894541518 0.6010360147994287 0.15018315018315015
0.3510456360091594 0.4059861996253432 0.14194139194139194
0.48286916639294514 0.0756770314672225 0.8906882591093117
0.7835062118009258 0.4605384439902162 0.25974025974025966
0.4639063001932181 0.19869202956773763 0.0
0.47029694277123835 0.32135686485509496 0.8034188034188032
0.12994814034209431 0.17672300389664608 0.3076923076923076
0.6027919633973855 0.17739877645491217 0.0
0.14779775109123813 0.036416718304324344 0.0
0.4144872669126171 0.08436117785826155 0.7378335949764521
0.7006551827751796 0.24877890800751504 0.024420024420024503
0.2966165652042169 0.2869466046798091 0.293040293040293
0.5325330176711025 0.32322187733782676 0.3846153846153846
0.5984003078114866 0.12785149758655365 0.0
0.4806357005969445 0.4710234077674799 0.0
0.18928238816478135 0.15068011310037355 0.662122687439143
0.32420794409755244 0.340847540772673 0.20790020790020783
0.3125522265465904 0.14573594095345407 0.8650875386199793
0.19408740645621014 0.18241636171650596 0.018099547511312153
0.33693803198743116 0.8045613438970076 0.5917159763313609
0.24385696933874454 0.33990905902032625 0.0
0.5316587932277232 0.7607916071871955 0.6420351302241066
0.45140245174993354 0.41855083978148 0.592801693719125
0.24190048719320942 0.26353189969887797 0.0
0.10795242422633539 0.30313570306162013 0.1923076923076923
0.19733299282129846 0.8611785038713478 0.6593406593406593
0.8045790185014848 0.7486334297272002 0.42557718906266623
0.07276488071733986 0.5199087880891018 0.9467455621301776
0.19648068479151046 0.4513594676920119 0.4807692307692307
0.5106646013693079 0.6233734241753726 0.27554535017221576
0.2258340336186242 0.4199021930847359 0.7129455909943714
0.5305630873969214 0.7475309153745819 0.2474448628294782
0.39865330212929806 0.4533890763028516 0.5803127542257976
0.1747970036106474 0.710669044315567 0.6082289803220036
0.6152267999728387 0.3742018410056788 0.8026755852842808
0.3332090632224355 0.19540556599172296 0.48582995951417
0.306576523143291 0.14293588279255454 1.0
0.16618472825074568 0.3284135890903346 0.707338638373121
1.0 0.19132180195715484 0.782815418577008
0.34724903331770796 0.4892346890669868 0.0
