T:1607427105.4236228
~~~
T:1607427108.39958
0.8796327837271987 0.5578412436837571 0.4704570791527314
0.7921321793252626 0.43182665657202496 0.3334308277274056
0.4201842145957178 0.7685088829093293 0.3503427265803503
0.5388812750617723 0.39733905696263483 0.0
0.11367847346781183 0.1511270157246866 0.34188034188034183
0.7801659832906723 0.3464280883018337 0.37225534389995635
0.5113796840579572 0.6196140815976765 0.28285615729561914
0.2899231822763719 0.6017861515363643 0.0
0.8857865104505158 0.8373807903773026 0.15167930660888404
0.27096702123294836 0.12088147726899924 0.6349206349206349
0.8127214996869689 0.8793867840876711 0.2036199095022624
0.3752428850420573 0.8671181767070331 0.0
0.4821640003679542 0.4916367972550089 0.41958041958041953
0.3589373528803761 0.2914548455843442 0.044345898004434565
0.938992041784409 0.6062453521176495 0.0
0.10396298775345943 0.5626072327073498 0.4524886877828053
0.2218033582527151 0.7210866427576285 0.2578923966207203
0.0938354415872824 0.3681548591882289 0.7692307692307692
0.37808042074365383 0.6480023478409201 0.05159474671669798
0.47446469000319835 0.6088668687923351 0.0
0.3134481213123873 0.8097931212546825 0.5080500894454383
0.3559754819687391 0.8202601806168242 0.08918617614269793
1.0 0.7055026958517658 0.13337468982630268
0.8356499797839333 0.4140045719021143 0.32051282051282054
0.49421019591768667 0.451727592948802 0.0
0.2721859672415316 0.8028818265406023 0.7692307692307692
0.6456085910885812 0.6974520876412837 0.4999999999999999
0.4869187498137979 0.22960460646652883 0.004226542688081134
0.4712678223295566 0.85719439735062 0.11889749594667623
0.26751690744504913 0.18918079860859457 0.5777531820697288
0.868105640754806 0.6473786492778235 0.1574544858126948
0.14576615348404542 0.5016231607508614 0.0
0.1717496782230349 0.6238069964058007 0.03752345215759853
0.22329810531779873 0.6842423679822046 0.4127579737335835
0.28855711555398 0.07814609252506735 0.8640674394099052
0.13235467470299594 0.5349970204946637 0.7552447552447553
0.10584547974561835 0.47435267222944605 0.0
0.40542525776060556 0.8873196355324648 0.0
0.11541234699565538 0.588825250547669 0.3846153846153846
0.2205960337440606 0.37029845222126856 0.5128205128205129
0.11435946555661348 0.46972232897915017 0.28846153846153844
0.2312363806455303 0.7680984325904038 0.3846153846153846
0.10647165532589366 0.681714466586036 0.10256410256410253
0.20767501305478464 0.3433623182692003 0.3076923076923076
0.18183580350124906 0.6213519100895352 0.27870680044593094
0.282745042454111 0.5396286666371621 0.04307692307692312
0.1497927189216952 0.7518893870461069 0.6153846153846154
0.16402486314244674 0.378364589536167 0.07326007326007333
0.6468047280727061 0.5295348170428097 0.41884816753926696
0.1821074310826785 0.755703831234322 0.8072535829189822
0.7235737468278024 0.3948452841906929 0.8681420337294526
0.1864654199896161 0.6168096239830784 0.879120879120879
0.3763297022579722 0.2034975061931705 0.017094017094017033
0.14546968443902125 0.5405965923371248 0.5034965034965034
0.18521737835835833 0.5713883118217776 0.7692307692307692
0.1751730405817631 0.5801265912252992 0.0
0.17411652138553943 0.6320676895382702 0.46153846153846156
0.06751021590663975 0.9265735028699985 0.0
0.3909449698846728 0.4786673545765662 0.09971509971509965
0.15197192751377814 0.5739801211475289 0.3846153846153846
0.21964855899958916 0.202680293529692 0.3738890591480233
0.3805017286950865 0.45113453502184514 0.7100591715976331
0.24526837751090327 0.32983080142243937 0.673076923076923
0.16890646935516915 0.24738357668426614 0.37296037296037293
0.1720508253942371 0.4093887908964579 0.0
0.12294206586077343 0.6438135935080154 0.7326007326007326
0.4072339045376857 0.5355947457835593 0.07100591715976323
0.5193095428161557 0.660876810794731 0.018993352326685742
0.4002689887055149 0.472308834581158 0.7692307692307692
0.5201797881636887 0.7137397514233366 0.0
0.2591767224819232 0.7342669587243332 0.11396011396011395
0.1565781187509376 0.20143447623640573 0.7211538461538461
0.8941433250076296 0.2695376283745981 0.051282051282051266
0.20720554732497445 0.045044573246001106 0.2904787520172136
0.5974456260075631 0.555924677814365 0.18408941485864566
0.3364604762184811 0.8073832827123701 0.6850961538461539
0.3869516384482905 0.430638797930982 0.3846153846153846
