T:1607232727.752843
~~~
T:1607232728.289669
1.0 0.21427726655063317 0.23076923076923078
1.0 0.11823145267140076 0.10489510489510497
1.0 0.20121175789482124 0.5325443786982248
1.0 0.23850821398919175 0.3001876172607879
1.0 0.48461082555013313 0.27472527472527475
1.0 0.1615317689285169 0.6721433905899925
1.0 0.1769262859738157 0.0
1.0 0.3860483529315183 0.0
1.0 0.6384137918332377 0.6020066889632106
1.0 0.5115731309474398 0.6837606837606837
1.0 0.2132345454115162 0.6593406593406593
1.0 0.28438379866425484 0.4102564102564103
1.0 0.226845999456528 0.0
1.0 0.5453587551306512 0.5417118093174431
1.0 0.42860121455100925 0.043956043956043966
1.0 0.18731886667064365 0.879120879120879
1.0 0.1627862798958589 0.0
1.0 0.3574015361820929 0.46153846153846156
1.0 0.6511861456299386 0.08391608391608395
1.0 0.45301627137372913 0.8241758241758241
1.0 0.26431410559148455 0.16722408026755858
1.0 0.38742924207064333 0.20979020979020976
1.0 0.6880907443138539 0.923076923076923
1.0 0.07677320249388751 0.0
1.0 0.28534503481988416 0.0
1.0 0.43845359870991557 0.7239819004524887
1.0 0.12367456037427553 0.7326007326007326
1.0 0.3291485572749599 0.36006546644844517
1.0 0.4637536886104753 0.5494505494505494
1.0 0.4303697333859133 0.0
1.0 0.5150095393121781 0.0
1.0 0.03560804426070525 0.0
1.0 0.277141935772721 0.20790020790020783
1.0 0.3286379284528201 0.392156862745098
1.0 0.4747409051349408 0.0
1.0 0.2190180043191611 0.8461538461538461
1.0 0.5286925961184051 0.5494505494505494
1.0 0.4232391605994652 0.7859531772575251
1.0 0.21420868716103683 0.5917159763313609
1.0 0.6758383213386979 0.686070686070686
1.0 0.5912216722605448 0.0
1.0 0.4761962503511176 0.31468531468531474
1.0 0.6998540685344293 0.7100591715976331
1.0 0.6693604962150018 0.728744939271255
1.0 0.09237027173066102 0.1923076923076923
1.0 0.4346539178455232 0.641025641025641
1.0 0.5780377450706894 0.34188034188034183
1.0 0.1666061291899325 0.12307692307692301
1.0 0.10241850815326534 0.39960039960039956
1.0 0.8377886855015076 0.9401709401709402
1.0 0.8302023076180345 0.24132730015082954
1.0 0.6424417233695962 0.170940170940171
1.0 0.2175187893515264 0.03752345215759853
1.0 0.21337699304510668 0.10989010989010983
1.0 0.3191314363610408 0.3636363636363636
1.0 0.5990702478627904 0.3550295857988165
1.0 0.7113163777196192 0.0
1.0 0.3684130580547493 0.979020979020979
1.0 0.7571157092447507 0.34188034188034183
1.0 0.5107034875160165 0.0
1.0 0.2277241821313076 0.0
1.0 0.33503061498729364 0.5668016194331984
1.0 0.7279854640961878 0.548494983277592
1.0 0.7782815020065453 0.641025641025641
1.0 0.8210284735125927 0.713489409141583
1.0 0.6871379422828666 0.42735042735042733
1.0 0.5570874814017885 0.6043956043956045
1.0 0.9246610057642782 0.0
1.0 0.6139396066785526 0.8173076923076923
1.0 0.43259658927092065 0.641025641025641
1.0 0.06689564394498686 0.7782805429864252
1.0 0.6664537419984553 0.26755852842809363
1.0 0.0465836451393956 0.0
1.0 0.2829991802171017 0.9954751131221717
1.0 0.34619257869854 0.0
1.0 0.6159093490205679 0.3076923076923076
1.0 0.40151876684694193 0.6334841628959276
