T:1607427313.507754
~~~
T:1607427314.049661
1.0 0.7599657911532819 0.0
1.0 0.6293783883599415 0.1923076923076923
1.0 0.7123428141357605 0.0
1.0 0.7456120922929453 0.6153846153846154
1.0 0.5700079543761397 0.5128205128205129
1.0 0.7224884651630074 0.0
1.0 0.6521128430725551 0.18648018648018647
1.0 1.0 0.0
1.0 1.0 0.0
1.0 0.7180699139338356 0.3550295857988165
1.0 0.6742686439717921 0.4524886877828053
1.0 0.5958572334475323 0.0
1.0 1.0 0.0
1.0 0.7846080113539873 1.0
1.0 0.6576426940753839 0.0
1.0 0.7935303358401301 0.41958041958041953
1.0 0.6929673079240442 0.3944773175542406
1.0 0.6606849433257814 0.0904977375565611
1.0 0.42858706953435777 0.7384615384615384
1.0 0.792527298314236 0.2366863905325444
1.0 0.6307298455047655 0.0
1.0 0.6951132010065558 0.0
1.0 0.5770749826435368 0.0
1.0 0.6424823708166325 0.14423076923076922
1.0 0.683659660410583 0.5994005994005994
1.0 0.7483173718205236 0.4293381037567085
1.0 0.30035285657856087 0.0
1.0 0.33825222648440045 0.25641025641025633
1.0 0.6596948124363011 0.1255886970172684
1.0 0.7123617875845281 0.26075619295958274
1.0 0.7829376711349881 0.0
1.0 0.6863640602529647 0.0
1.0 0.7759487187761571 0.6888633754305395
1.0 0.539630336736968 0.9049773755656109
1.0 0.6070816262121711 0.0
1.0 0.5047199457531266 0.0
1.0 0.6892194920584443 0.1337792642140469
1.0 0.5920805346961563 1.0
1.0 0.4706567655391487 0.0
1.0 0.5464221122389712 0.0
1.0 0.8657329275574327 1.0
1.0 0.4293488358851183 0.6593406593406593
1.0 0.5078449023889068 0.37523452157598497
1.0 0.7238688754709635 0.0
1.0 0.6013626095994762 0.7472527472527473
1.0 0.47124398660508077 0.25641025641025633
1.0 0.7894752137062486 0.0
1.0 0.8776689822550019 0.0
1.0 0.08982913223041519 0.0
1.0 0.311155331914506 0.0
1.0 0.46232046918133146 0.6358974358974359
1.0 0.42029632256276084 0.8179162609542355
1.0 0.6258525671536673 0.4524886877828053
1.0 0.6567141549976141 0.6676342525399129
1.0 0.5702793696310737 0.0
1.0 0.3898543124496363 0.25641025641025633
1.0 0.21937973075701558 0.0
1.0 0.7745535770796718 0.49543676662320735
1.0 0.5814732063892235 0.6787330316742081
1.0 0.7061481647156053 0.0
1.0 0.5053740983506496 0.09819967266775774
1.0 0.45816476185919697 0.0
1.0 0.7448605060174076 0.0
1.0 0.49377657819922793 0.17751479289940833
1.0 0.4355648307309676 0.0
1.0 0.3562937244052622 0.0
1.0 0.499325653494538 0.923076923076923
1.0 0.5366445480164841 0.37606837606837606
1.0 0.4999683812901322 0.7407407407407408
1.0 0.5816764916156544 0.14888337468982635
1.0 0.6091582051850503 0.3846153846153846
1.0 0.35555464703072237 0.25641025641025633
1.0 0.36953232218724963 0.0
1.0 0.510915928224953 0.13574660633484165
1.0 0.45582917651831045 0.8127721335268505
1.0 0.23658130504626715 0.0
1.0 0.43972494287873315 0.7211538461538461
