T:1607232700.569477
~~~
T:1607232701.058356
1.0 0.1414029164260817 0.5314685314685315
1.0 0.5125872660526535 0.498960498960499
1.0 0.7549177472324566 0.7544378698224853
1.0 0.1979687725505538 0.6426484907497566
1.0 0.2559431350906995 0.06993006993006987
1.0 0.8393357018976605 0.3076923076923076
1.0 0.047670343571044764 0.0
1.0 0.029573468082200027 0.11538461538461531
1.0 0.40297158258973065 0.2122015915119364
1.0 0.14478034622428504 1.0
1.0 0.6883216162248775 0.32967032967032966
1.0 0.6675859832063471 0.06033182503770734
1.0 0.6308078864178189 0.046620046620046575
1.0 0.09764133955851295 0.028490028490028445
1.0 0.4145268788691291 0.97165991902834
1.0 0.39637905555158165 0.0
1.0 0.6326841389122038 0.0
1.0 0.377377502368864 0.4909983633387889
1.0 0.6209365064028349 0.876068376068376
1.0 0.6423827309515369 0.620782726045884
1.0 0.6645366319247284 0.06153846153846159
1.0 0.5478142291246015 0.4
1.0 0.44752018504564595 0.3550295857988165
1.0 0.4091027540242051 0.0
1.0 0.3142687499268515 0.13574660633484165
1.0 0.08938460514086374 1.0
1.0 0.8088327528198471 0.2366863905325444
1.0 0.47615331556685786 0.48582995951417
1.0 0.4775405883151417 0.8222811671087534
1.0 0.7490239318762593 0.7326007326007326
1.0 0.6643677843140167 0.0
1.0 0.6977747038034405 0.3133903133903134
1.0 0.6486601096665204 0.5128205128205129
1.0 0.37471749475808225 0.046620046620046575
1.0 0.31891475248659307 0.40293040293040283
1.0 0.15069327910935754 0.909090909090909
1.0 0.09354945578523265 0.0
1.0 0.6103112193149991 0.586080586080586
1.0 0.8481442824369134 0.17582417582417587
1.0 1.0 0.0
1.0 0.5856658634270762 0.0
1.0 0.42482750896312027 0.5769230769230769
1.0 0.5279203795435433 0.8371040723981901
1.0 0.667539778316202 0.42735042735042733
1.0 0.675702459250681 0.06410256410256404
1.0 0.27328087144643665 1.0
1.0 0.7604577705837059 0.1577909270216962
1.0 0.32893565876612474 0.3384615384615384
1.0 0.5172233814560997 0.0
1.0 0.5401734690406296 0.8547008547008547
1.0 0.35895700464837477 0.8193979933110367
1.0 0.7792281808522222 0.8547008547008547
1.0 0.7370961868103334 0.07692307692307698
1.0 0.6758319557588695 0.6334841628959276
1.0 0.7755289437918288 0.6490384615384616
1.0 0.5324756791143813 0.0
1.0 0.5140205878942382 0.7547169811320754
1.0 0.7331627299973393 0.6837606837606837
1.0 0.7770445934655622 0.8058608058608059
1.0 0.4927177693656512 0.0
1.0 0.6273041841248839 0.7547169811320754
1.0 0.5229896531829054 0.41720990873533254
1.0 0.6623451329926424 0.10256410256410253
1.0 0.27475748530221705 1.0
1.0 0.5286440930575497 0.3846153846153846
1.0 0.4246071448735895 0.27613412228796846
1.0 0.504118229307782 0.5128205128205129
1.0 0.6681980848468827 0.04158004158004149
1.0 0.4763683471063832 0.12820512820512825
1.0 0.6586717341868241 0.46153846153846156
1.0 0.6193006965236617 0.0
1.0 0.3510934410759695 0.6153846153846154
1.0 0.566950096906835 0.5668016194331984
1.0 0.05181270264063438 0.0
1.0 0.7368865943383676 0.6759906759906761
1.0 0.5381149441097725 0.31674208144796384
1.0 0.5476569067574132 0.15915119363395222
