T:1607427130.0000389
~~~
T:1607427130.507364
1.0 0.7428750739537108 0.0
1.0 0.649579631937646 0.5405405405405405
1.0 0.43720354677161843 0.6993006993006994
1.0 0.7061750113420268 0.641025641025641
1.0 0.5115940234092619 0.40485829959514175
1.0 1.0 0.0
1.0 0.4659578323542697 0.1337792642140469
1.0 0.3515792933307349 0.3076923076923076
1.0 0.5362463696980087 0.0
1.0 1.0 0.0
1.0 0.629978070549066 0.0
1.0 0.6609767330622607 0.0
1.0 0.649290708243488 0.5405405405405405
1.0 0.7883874917353165 0.8284023668639052
1.0 1.0 0.0
1.0 0.6192055451281644 0.7068607068607068
1.0 0.4454177339835178 0.5128205128205129
1.0 0.4849852865931911 0.717948717948718
1.0 0.46387885993540223 0.1538461538461538
1.0 0.7448282504927883 0.23076923076923078
1.0 0.2665300780883679 0.34188034188034183
1.0 0.17393755271124445 0.4524886877828053
1.0 0.35024505723396504 0.7100591715976331
1.0 0.34880220737900347 0.1183431952662721
1.0 0.6996610343734575 0.7948717948717947
1.0 0.6193538268094495 0.3846153846153846
1.0 0.6678070862444557 0.21978021978021983
1.0 0.2996795754451906 0.035778175313059095
1.0 0.5607241597019311 0.0
1.0 0.4865166721686208 0.7692307692307692
1.0 0.9062810774285103 0.5128205128205129
1.0 0.571705331488976 0.641025641025641
1.0 0.6344674167628676 0.46936114732724893
1.0 0.09491328652828694 0.42735042735042733
1.0 0.6319689293406049 0.8017334777898157
1.0 0.5086540024155867 0.5934065934065933
1.0 0.894452086574278 0.8026755852842808
1.0 0.819829898408664 0.5494505494505494
1.0 0.892806896208471 0.0
1.0 0.4108044210968227 0.8622147083685545
1.0 0.539731463920449 0.0
1.0 0.2686268320342586 1.0
1.0 0.43377378691663 0.5128205128205129
1.0 0.2612776903222983 0.6593406593406593
1.0 0.09320899429552086 0.2366863905325444
1.0 0.4300453988660561 0.586080586080586
1.0 0.3285946723580123 0.0
1.0 0.42032224206123486 0.0
1.0 0.5348419051910264 0.34188034188034183
1.0 0.11459757293636576 0.641025641025641
1.0 0.630115852017052 0.3076923076923076
1.0 0.7580847927392693 0.23076923076923078
1.0 0.6906797502501423 0.3118503118503119
1.0 0.5176299282194273 0.0
1.0 0.44824777344552896 0.0
1.0 0.4733963405113652 0.7859531772575251
1.0 0.4795730994846088 0.3550295857988165
1.0 0.5845814975439511 0.0
1.0 0.18011025858424703 0.6593406593406593
1.0 0.46511098769544074 0.4733727810650888
1.0 0.7175347471965488 0.7040417209908735
1.0 0.252958822602563 0.5128205128205129
1.0 0.27519758458940374 0.5594405594405595
1.0 0.08778543291848431 0.0
1.0 0.6970065449361746 0.0
1.0 0.5202944822164893 0.5616605616605617
1.0 0.2200677523252145 0.7334525939177101
1.0 0.6336201541769747 0.3846153846153846
1.0 0.751246326615293 0.5651491365777079
1.0 0.7877780453590133 0.4733727810650888
1.0 0.5282774461288655 0.0
1.0 0.638920857859175 0.3238866396761133
1.0 0.3313818340652021 0.1538461538461538
1.0 0.19153586233333472 0.5594405594405595
1.0 0.32724626671846124 0.2024291497975708
1.0 0.4426148206989725 0.4524886877828053
1.0 0.7162250562543577 0.6227106227106227
