T:1607427392.7742789
~~~
T:1607427393.1847181
1.0 0.04266248594955645 0.20512820512820507
1.0 0.09871395041237781 0.05698005698005706
1.0 0.028316574216546035 0.879120879120879
1.0 0.2643277972237774 0.898876404494382
1.0 0.3019122553564738 0.7100591715976331
1.0 0.10612281679184837 0.5384615384615384
1.0 0.26659018815091157 0.8695652173913044
1.0 0.29476257828365254 0.7051282051282052
1.0 0.30915321985922506 0.3076923076923076
1.0 0.08254263298230029 0.8547008547008547
1.0 0.32350290669975956 0.0
1.0 0.25323096014804714 0.2991452991452991
1.0 0.07400634842752045 0.5874125874125874
1.0 0.11185327799101658 0.4733727810650888
1.0 0.5407633442201559 0.673076923076923
1.0 0.21822058288783333 0.6334841628959276
1.0 0.2508650191405542 0.9380863039399624
1.0 0.6376521604357162 0.5067873303167422
1.0 0.4256688380990362 0.9615384615384615
1.0 0.594974013944228 0.7427055702917771
1.0 0.3764426127606029 0.6395851339671564
1.0 0.5511062244022379 0.3076923076923076
1.0 0.4672128078562989 0.6508875739644971
1.0 0.3343581637853101 0.4524886877828053
1.0 0.19482232486357895 0.8974358974358972
1.0 0.21543392116160062 0.16194331983805665
1.0 0.5089737955011905 0.690335305719921
1.0 0.47848695629670396 0.4158004158004158
1.0 0.31593375985684125 0.34188034188034183
1.0 0.6879739790304505 0.8974358974358972
1.0 0.4644980286475339 0.10683760683760679
1.0 0.30782849522588557 0.6153846153846154
1.0 0.30133905065419514 0.32967032967032966
1.0 0.46988772344236013 0.0
1.0 0.7396512503909508 0.7692307692307692
1.0 0.7053094538065979 0.5982905982905982
1.0 0.30626241013267197 0.0
1.0 0.31234195950091137 0.4395604395604395
1.0 0.6646329775177546 0.6993006993006994
1.0 0.5165089339023612 0.16632016632016633
1.0 0.3142610766893344 0.6593406593406593
1.0 0.6316042002761063 0.6153846153846154
1.0 0.4658945722385767 0.9116809116809116
1.0 0.7022721879844668 0.7692307692307692
1.0 0.7434060157019599 0.043956043956043966
1.0 0.860303842350073 0.0904977375565611
1.0 0.7068651278601544 0.7100591715976331
1.0 0.7601361509703941 0.5616605616605617
1.0 0.7847151946617598 0.6487488415199258
1.0 0.5257498989020607 0.5039787798408488
1.0 0.06173464157549888 0.0
1.0 0.9557433891299585 0.09925558312655094
1.0 0.5327895475067848 0.0
1.0 0.49572840879739094 0.7239819004524887
1.0 0.4752713778566674 0.6029106029106028
1.0 0.7498847014332917 0.0
1.0 0.3836290854452302 0.8144796380090498
1.0 0.44165076647279317 0.34188034188034183
1.0 0.6256027085952798 0.0
1.0 0.9609190821438288 0.728744939271255
1.0 0.3801394411184719 0.25174825174825183
1.0 0.7784933211294489 0.46153846153846156
1.0 0.12593533585130998 0.2366863905325444
1.0 0.7381385817717754 0.3783102143757882
1.0 0.4546574795838781 0.6153846153846154
1.0 0.5886493665854378 0.16194331983805665
1.0 0.5291872307271869 0.4395604395604395
1.0 0.5925227311861009 0.8284023668639052
1.0 0.8475730656293432 0.6153846153846154
1.0 0.5548016476748191 0.23076923076923078
1.0 0.762040729229126 0.7692307692307692
1.0 0.33103830563341624 0.0
1.0 0.7185055547537066 0.7977207977207978
1.0 0.7924944606511293 0.0
1.0 0.8482522015046312 0.0
1.0 0.8005222674270184 0.3846153846153846
1.0 0.6758821924334746 0.5982905982905982
