T:1605620849.45
~~~
T:1605620850.01
1.0 0.404984292363 0.391608391608
1.0 0.671934046155 0.315581854043
1.0 0.371622429221 0.0
1.0 0.408953749653 0.195804195804
1.0 0.77005656079 0.372208436725
1.0 0.557195559454 0.622710622711
1.0 0.698924329567 0.25641025641
1.0 0.0641424255944 0.345368916797
1.0 0.227096279348 0.930674264008
1.0 0.32750552475 0.0
1.0 0.606666607638 0.236686390533
1.0 0.450794481441 1.0
1.0 0.558543429015 0.505795574289
1.0 0.508935608205 0.463645943098
1.0 0.298897457563 0.25641025641
1.0 0.776878297213 0.320512820513
1.0 0.602239846148 0.68778280543
1.0 0.422624494863 0.4662004662
1.0 0.474731490317 0.500894454383
1.0 0.506149951433 0.335664335664
1.0 0.399642881583 0.0496277915633
1.0 0.619425931897 0.706179066835
1.0 0.594127760544 0.757749712974
1.0 0.717668433041 0.25641025641
1.0 0.0392454635929 0.04662004662
1.0 0.268783895345 0.473372781065
1.0 0.516456567637 0.701357466063
1.0 0.223193933898 0.473372781065
1.0 0.716767176928 0.369230769231
1.0 0.302877967366 0.10989010989
1.0 0.473973599872 0.723981900452
1.0 0.31769716015 0.0
1.0 0.519511201946 0.14888337469
1.0 0.245265984098 0.779768177028
1.0 0.445215386594 0.692307692308
1.0 0.498889172521 0.552268244576
1.0 0.445543270851 0.659340659341
1.0 0.54580949294 0.512820512821
1.0 0.59882863282 0.21978021978
1.0 0.717749580138 0.135746606335
1.0 0.616349751985 0.587726879862
1.0 0.712060074817 0.43956043956
1.0 0.796328709877 0.188383045526
1.0 0.676535740864 0.879120879121
1.0 0.436667487132 0.0
1.0 1.0 0.102564102564
1.0 0.814260154206 0.860215053763
1.0 0.545166277456 0.652680652681
1.0 0.0876651824936 0.650887573964
1.0 0.247587416713 0.559440559441
1.0 0.371286787523 0.447552447552
1.0 0.497721224875 0.0
1.0 0.561760191989 0.0
1.0 0.637124230648 0.591715976331
1.0 0.738715443203 0.566801619433
1.0 0.651195130687 0.0
1.0 0.451103896687 0.961538461538
1.0 0.612934003267 0.512820512821
1.0 0.756985270783 0.21978021978
1.0 0.662381451685 0.34188034188
1.0 0.321015323791 0.0
1.0 0.880924991663 0.482654600302
1.0 0.560770336133 0.480769230769
1.0 0.204276527428 0.0
1.0 0.432461251221 0.463645943098
1.0 0.674284228718 0.0
1.0 0.879711416204 0.25641025641
1.0 0.299170680639 0.0
1.0 0.545572344147 0.688259109312
1.0 0.619246890767 0.0
1.0 0.167033588774 0.0
1.0 0.565828946257 0.0
1.0 0.726505315496 0.820512820513
1.0 0.665245302638 0.473372781065
1.0 0.778773673638 0.295857988166
1.0 0.764518104175 0.307692307692
1.0 0.578913630716 0.153846153846
