T:1607232686.274882
~~~
T:1607232686.700989
1.0 0.7109370569788207 0.34536891679748827
1.0 0.621294224533283 0.5448717948717948
1.0 0.92009055024949 0.0854700854700855
1.0 0.6689512502914776 0.37135278514588865
1.0 0.883190926610826 0.0
1.0 0.7039180141143059 0.7201309328968903
1.0 0.6261367810788867 0.6153846153846154
1.0 0.8282488076242218 0.0
1.0 0.9482124963603402 0.0
1.0 0.190958881005811 0.05698005698005706
1.0 0.5973447780878041 0.1337792642140469
1.0 0.6466018852479577 0.12820512820512825
1.0 0.7979264039993168 0.48220436280137774
1.0 0.48961422332572285 0.1923076923076923
1.0 0.2868405872329129 1.0
1.0 0.7998497938356366 0.5769230769230769
1.0 0.6601583794023704 0.4662004662004661
1.0 0.6080774032704757 0.97165991902834
1.0 0.6804502013351019 0.21978021978021983
1.0 0.42038242511311386 0.7297830374753451
1.0 0.6652514064191605 0.06033182503770734
1.0 0.5705040656453394 0.4923076923076922
1.0 0.6549447717386216 0.6971153846153846
1.0 0.5862318794919951 0.7692307692307692
1.0 0.7299168715184987 0.0
1.0 0.6375867784728304 0.8193979933110367
1.0 0.5557479413087965 0.054945054945054916
1.0 1.0 0.5494505494505494
1.0 0.5802548146407168 0.6593406593406593
1.0 0.6886269173175507 0.7692307692307692
1.0 0.9595276231536377 0.8653846153846153
1.0 0.495604154783402 0.4662004662004661
1.0 0.4956953437084837 0.5494505494505494
1.0 0.3147047108409456 0.12066365007541487
1.0 0.5250893723119335 0.6153846153846154
1.0 0.27999324170438744 0.43628013777267516
1.0 0.4728700618989249 0.0
1.0 0.6682788159203911 0.05917159763313605
1.0 0.06278678149114156 0.0
1.0 0.30237391106981665 0.0
1.0 0.3635131490520863 0.5429864253393665
1.0 0.3828538131115686 0.5868358445678032
1.0 0.3927370055692698 0.5594405594405595
1.0 0.7558319653237088 0.6877828054298641
1.0 0.6106474752281494 0.673076923076923
1.0 0.6304832169696097 0.7879924953095685
1.0 0.5214291109060775 0.728744939271255
1.0 0.47715832257015717 0.0
1.0 0.4425634432645227 1.0
1.0 0.41900503447182186 0.0
1.0 0.1797092101925454 0.0
1.0 0.6773215874685867 0.5288461538461539
1.0 0.06860118213316606 0.0
1.0 0.22965044104343652 0.6837606837606837
1.0 0.44492947120565113 0.1538461538461538
1.0 0.6449911328643552 0.16483516483516475
1.0 0.5465163135576085 0.641025641025641
1.0 0.5054639534570758 0.6837606837606837
1.0 0.3339027095182534 0.4524886877828053
1.0 0.3430352320503313 0.717948717948718
1.0 0.4275927838636273 0.44970414201183423
1.0 0.2964765801586375 0.0
1.0 0.5186294170093014 0.04048582995951412
1.0 0.7475762498130182 0.04048582995951412
1.0 0.7429175021012058 0.923076923076923
1.0 0.3989011702991168 0.0
1.0 0.48806289842574485 0.0
1.0 0.269839362652676 0.25641025641025633
1.0 0.8120549647157915 0.0
1.0 0.5636037390470553 0.0
1.0 0.2657778895739276 0.0
1.0 0.4749581585658637 0.27972027972027963
1.0 0.9083052682884953 0.0
1.0 0.5646343852541006 0.25641025641025633
1.0 0.5180112617230883 0.7692307692307692
1.0 0.6244652517143381 0.7787274453941121
1.0 0.649807959864476 0.8205128205128205
