T:1607428040.4804192
~~~
T:1607428041.088568
1.0 0.06876347480639795 0.2122015915119364
1.0 0.23240117512378455 0.7766990291262136
1.0 0.10061604386723402 0.44534412955465585
1.0 0.10456208955738147 0.25044722719141316
1.0 0.11809874979993149 1.0
1.0 0.14802811474427635 0.1398601398601399
1.0 0.3870969470911999 0.7100591715976331
1.0 0.3422376312007298 0.3076923076923076
1.0 0.37019052272867947 0.3846153846153846
1.0 0.4162592927604284 0.7459207459207459
1.0 0.8639425317652708 0.6564102564102563
1.0 0.3452113690281817 0.44230769230769224
1.0 0.6623255792014707 0.5128205128205129
1.0 0.5143952317007091 0.8547008547008547
1.0 0.14769632455208476 1.0
1.0 0.31023455780794496 0.20979020979020976
1.0 0.682908397270147 0.289855072463768
1.0 0.4397112679760618 0.5594405594405595
1.0 0.6861893913334007 0.5351170568561873
1.0 0.3919702767627436 0.0
1.0 0.3583976225372394 0.7875457875457874
1.0 0.5750531797040872 0.3238866396761133
1.0 0.502802217232838 0.40293040293040283
1.0 0.5001271498394855 1.0
1.0 0.46594685662622864 0.3550295857988165
1.0 0.8141131476537542 0.25641025641025633
1.0 0.2836579826993527 0.0
1.0 0.4365911184461066 0.7905982905982905
1.0 0.6416182932428838 0.596546310832025
1.0 0.707086629547073 0.7692307692307692
1.0 0.2717467035175049 0.36836403033586135
1.0 0.7129414991844114 0.8566433566433567
1.0 0.37488496933181953 0.7692307692307692
1.0 0.7154866845731187 0.4651162790697674
1.0 0.7424625912242324 0.75
1.0 0.20795349845016792 0.06688963210702337
1.0 0.8319821588038443 0.7692307692307692
1.0 0.6406014517047267 0.0
1.0 0.5453593584181663 0.054945054945054916
1.0 0.5992901293676826 0.1678321678321679
1.0 0.0582649782309216 0.9401709401709402
1.0 0.5632885599881745 0.6593406593406593
1.0 0.8426844648678514 0.09615384615384615
1.0 0.8553171904226334 0.0
1.0 0.5190225452668742 0.09324009324009315
1.0 0.6478267960118694 0.29585798816568043
1.0 0.8149090081271833 0.605296343001261
1.0 0.8978079847320596 0.31558185404339256
1.0 0.9562086066689773 0.0
1.0 0.906725172825009 0.3846153846153846
1.0 0.682912568654238 0.9743589743589742
1.0 0.757274333313242 0.28846153846153844
1.0 0.6725535809105263 0.6433566433566433
1.0 0.5548308027862511 0.0
1.0 0.5043546666168759 0.14423076923076922
1.0 0.5912430630148354 0.3550295857988165
1.0 0.7110762426608408 0.3076923076923076
1.0 0.10431109015356901 0.5305039787798409
1.0 0.9639748557717657 0.7822685788787483
1.0 0.5704716312114961 0.4662004662004661
1.0 0.7532485579953481 0.4945054945054944
1.0 0.3495162899031885 0.5429864253393665
1.0 0.907333569969119 0.28846153846153844
1.0 0.6502097199310352 0.2153846153846154
1.0 0.6090527677593721 0.8391608391608391
1.0 0.6520317650750391 0.0
1.0 0.13066738807857406 0.0
1.0 0.15925307720618495 0.5494505494505494
1.0 0.6008233539701896 0.0
1.0 0.32921767738148955 0.0
1.0 0.25629852615035903 0.6366047745358091
1.0 0.7073572155026825 0.40353089533417397
1.0 0.3994526022240248 0.1538461538461538
1.0 0.33372920463593353 0.0
1.0 0.857849942548027 0.09615384615384615
1.0 0.39152744961123487 0.3139717425431711
1.0 0.5778897141599799 0.6120760959470637
