T:1605620820.86
~~~
T:1605620821.32
1.0 0.126289874809 0.473372781065
1.0 0.475681769117 0.0
1.0 0.58123713226 0.121457489879
1.0 0.792928079594 0.531468531469
1.0 0.530882397918 0.801017164654
1.0 0.263674259969 0.673076923077
1.0 0.178010059722 0.0
1.0 0.0964080314394 0.0
1.0 0.138503353198 0.0
1.0 0.578157669271 0.0904977375566
1.0 0.298037195439 0.337711069418
1.0 0.437833620412 0.32967032967
1.0 0.117506437459 0.512820512821
1.0 0.728573820975 0.323886639676
1.0 0.135935063103 0.0
1.0 0.637075668818 0.397877984085
1.0 0.155304231224 0.646599777035
1.0 0.765004417883 0.8
1.0 0.669313618117 0.371352785146
1.0 0.388013087981 0.860495436767
1.0 0.396187786811 0.609579100145
1.0 0.405094034408 0.137362637363
1.0 1.0 0.0
1.0 0.536168405867 0.769230769231
1.0 0.686010259745 0.0641025641026
1.0 0.130417216535 0.693391115926
1.0 0.640631163783 0.751341681574
1.0 0.525768109749 0.34188034188
1.0 0.58301627067 0.693000693001
1.0 0.172699210693 0.0
1.0 0.0469950671356 0.641025641026
1.0 0.251587665039 0.0
1.0 0.643512181093 0.485829959514
1.0 0.751019863622 0.549450549451
1.0 0.408795786864 0.0
1.0 0.479598847174 0.890688259109
1.0 0.427846079677 0.205128205128
1.0 0.192804708365 0.13037809648
1.0 0.343644282501 0.706436420722
1.0 0.0913667285481 0.0904977375566
1.0 0.601272847054 0.37296037296
1.0 0.343081091288 0.307692307692
1.0 0.574380274415 0.0
1.0 0.832618837452 0.0
1.0 0.55379271676 0.320512820513
1.0 0.244657462067 0.136752136752
1.0 0.750964427753 0.447906523856
1.0 0.186517781092 0.512820512821
1.0 0.0751510047441 0.536130536131
1.0 0.664160540324 0.384615384615
1.0 0.534347473911 0.0
1.0 0.642184805525 0.27972027972
1.0 0.514544326099 0.043956043956
1.0 0.463979805206 0.79185520362
1.0 0.255142867308 0.25641025641
1.0 0.0743686821323 0.384615384615
1.0 0.746968207932 0.358974358974
1.0 0.63990063808 0.25641025641
1.0 0.491673933742 0.0
1.0 0.466059326408 0.3663003663
1.0 0.617805035001 0.0961538461538
1.0 0.641729592571 0.25641025641
1.0 0.298295902672 0.288461538462
1.0 0.211722362443 0.742081447964
1.0 0.425598002424 0.0
1.0 0.0937912758048 0.0
1.0 0.938317964678 0.0
1.0 0.478397887712 0.769230769231
1.0 0.728368016935 0.355029585799
1.0 0.678092348176 0.21978021978
1.0 0.0996769843375 0.752864157119
1.0 0.532845197243 0.500894454383
1.0 0.268397433465 0.633484162896
1.0 0.709552827792 0.34188034188
1.0 0.238714079521 0.0
1.0 0.433576679096 0.361990950226
1.0 0.635980936133 0.314685314685
