T:1607427430.380724
~~~
T:1607427430.940614
1.0 0.9547360682832556 0.0
1.0 0.6320292376105838 0.0
1.0 0.3817696231237965 0.3846153846153846
1.0 0.6757544291046942 0.5982905982905982
1.0 0.5507277133759064 0.3846153846153846
1.0 0.9278179308051252 0.5917159763313609
1.0 0.4728604903477223 0.06546644844517177
1.0 0.5622140489830848 0.1538461538461538
1.0 0.7623169740132532 0.594871794871795
1.0 0.5566894515300963 0.7468259895444361
1.0 0.679447374939031 0.0
1.0 0.7730882431478947 0.7435897435897435
1.0 0.3536329403582588 0.0
1.0 0.3358749775109842 0.5244755244755245
1.0 0.7435913549176305 0.34188034188034183
1.0 0.8010862056853321 0.5494505494505494
1.0 0.5877150262723236 0.6837606837606837
1.0 0.3598097036351879 0.20710059171597628
1.0 0.3618821565147252 0.0
1.0 0.6648112256320324 0.25641025641025633
1.0 0.6417541959074387 0.3238866396761133
1.0 0.4741378442331547 0.0
1.0 0.6571683253321364 0.0
1.0 0.5148988632411263 0.0
1.0 0.10564200657234482 0.3278688524590164
1.0 0.8311845074951685 0.5182186234817814
1.0 0.6988608826840036 0.3846153846153846
1.0 0.2938938212524846 0.08097165991902842
1.0 0.7925720232311084 0.6993006993006994
1.0 0.13897821019859893 0.0
1.0 0.35259056210445705 0.0
1.0 0.5380271641620034 0.7577497129735935
1.0 0.14396671495937438 0.5594405594405595
1.0 0.6665415553716706 0.25641025641025633
1.0 0.5572287300381079 0.5128205128205129
1.0 0.69854918676607 0.505166475315729
1.0 0.4184989289319311 0.6627218934911243
1.0 0.256016089773623 0.28846153846153844
1.0 0.9018825224814809 0.25641025641025633
1.0 0.7725700338915479 0.8906882591093117
1.0 0.22167744934266226 0.2429149797570851
1.0 0.654563658339673 0.689655172413793
1.0 0.5599590541084543 0.27027027027027023
1.0 0.5815922734811585 0.4395604395604395
1.0 0.5527264666235995 0.6923076923076922
1.0 0.6038858763103191 0.8188585607940446
1.0 0.14020363740614916 0.0
1.0 0.6408150663599717 0.46153846153846156
1.0 0.6289730793822776 0.40485829959514175
1.0 0.6070642203281396 0.6813186813186812
1.0 0.290562042073713 0.03496503496503493
1.0 0.3352634901951517 1.0
1.0 0.18327169250031417 0.7239819004524887
1.0 0.13780224890410467 0.0
1.0 0.37579874932299706 0.0
1.0 0.578266429455576 0.06410256410256404
1.0 0.7163883238821067 0.728744939271255
1.0 0.436979035335746 0.6837606837606837
1.0 0.38013406569525565 0.6440071556350625
1.0 0.4297967050225936 0.0
1.0 0.439412512985748 0.1398601398601399
1.0 0.467688789044238 0.4072398190045248
1.0 0.3959400323977363 0.4102564102564103
1.0 0.25653674976301144 0.3550295857988165
1.0 0.647397845976404 0.5579036348267118
1.0 0.6247060673235488 0.0
1.0 0.5565541749582809 0.1923076923076923
1.0 0.8197007386215751 0.8653846153846153
1.0 0.26289198726984386 0.1923076923076923
1.0 0.11875681309242152 0.0
1.0 0.33906426875281054 0.9694415173867229
1.0 0.6518266689206352 0.26373626373626363
1.0 0.4841409999293627 0.21978021978021983
1.0 0.5449663858710487 0.3511705685618729
1.0 0.25049218162107684 0.5564648117839607
1.0 0.7041888364884973 0.05305039787798402
1.0 0.08930121546940459 0.0
