T:1607232713.13746
~~~
T:1607232714.1437728
1.0 0.2741403204150856 0.9324009324009324
1.0 0.11692381376573803 0.48780487804878037
1.0 0.4979861209151672 1.0
1.0 0.806331374937618 1.0
1.0 0.06332015993961367 0.5128205128205129
1.0 0.6268142259633186 0.9954751131221717
1.0 0.5028236378656731 1.0
1.0 0.0199015681058761 0.7692307692307692
1.0 0.32848777502743354 0.6477732793522266
1.0 0.14320290713200926 0.1183431952662721
1.0 0.46711264314938694 0.7692307692307692
1.0 0.22654565990945177 1.0
1.0 0.537010428043442 0.7100591715976331
1.0 0.24603908680236272 0.8630393996247655
1.0 0.49547585607233463 0.5917159763313609
1.0 0.45685601660034897 0.0
1.0 0.056845079601542475 0.0
1.0 0.6506150837767009 0.9049773755656109
1.0 0.2651707094747172 0.8461538461538461
1.0 0.418417014846353 0.6055646481178395
1.0 0.1877486256208402 0.34188034188034183
1.0 0.3065846303438513 0.8097165991902835
1.0 0.48204493688846817 0.12820512820512825
1.0 0.4092540559737295 0.7692307692307692
1.0 0.2127222935136914 0.7211538461538461
1.0 0.34617027778418574 0.35897435897435886
1.0 0.30732792317821667 0.0
1.0 0.5042938741933122 0.5128205128205129
1.0 0.6553277771285974 0.9750812567713977
1.0 0.5453228277561725 0.1923076923076923
1.0 0.14064614912041204 0.17582417582417587
1.0 0.18061348771188812 0.12820512820512825
1.0 0.6337601150432596 0.1923076923076923
1.0 0.3097501563271962 0.600375234521576
1.0 0.6037738924118303 0.2366863905325444
1.0 0.7018652408697708 0.8168822328114362
1.0 0.21923889622487847 0.7264957264957265
1.0 0.5468772192692031 0.1183431952662721
1.0 0.5814644356104955 0.5816135084427767
1.0 0.5150458723420087 0.4733727810650888
1.0 0.6325537642133778 0.0
1.0 0.46894111542657646 0.6526806526806526
1.0 0.6340607752458377 0.6153846153846154
1.0 0.5449629589433352 1.0
1.0 1.0 0.46153846153846156
1.0 0.3939857550656022 0.5494505494505494
1.0 0.12859800042505753 0.0
1.0 0.3747686275629628 0.4102564102564103
1.0 0.4987261131779083 0.3846153846153846
1.0 0.7439089076261268 0.1398601398601399
1.0 0.39139232311268035 0.42735042735042733
1.0 0.6576437686953791 0.5023547880690739
1.0 0.4807067455138895 0.0
1.0 0.3520855505100386 0.0
1.0 0.534929655324925 0.4175824175824176
1.0 0.2818327354976767 0.16194331983805665
1.0 0.5213937734067464 0.5409974640743871
1.0 0.667258611062804 0.21978021978021983
1.0 1.0 0.0
1.0 0.38158870688759594 0.0
1.0 0.8643335176696849 0.36437246963562747
1.0 0.654352495550627 0.5580693815987934
1.0 0.88573414986145 0.0
1.0 0.5335341115208121 0.9598948060486522
1.0 0.3832287529796498 0.12066365007541487
1.0 0.3165479042772525 0.0
1.0 0.5814776730599988 0.568561872909699
1.0 0.21087501381452817 0.5897435897435896
1.0 0.6470455360322568 0.0
1.0 0.6891555492752902 0.3846153846153846
1.0 0.5645372228266394 0.0
1.0 0.6313346014302473 0.6593406593406593
1.0 0.6719982707007157 0.8653846153846153
1.0 0.7009372377017024 0.7489878542510121
1.0 0.7539670861706996 0.5515239477503628
1.0 0.4553372922543526 0.0
1.0 0.5680150816260284 0.07692307692307698
