T:1607427449.462021
~~~
T:1607427449.896599
1.0 0.14629955742710643 0.641025641025641
1.0 0.1822676829651141 0.4895104895104896
1.0 0.37883309504290724 0.17751479289940833
1.0 0.3007615073480163 0.6593406593406593
1.0 0.11594370746364031 0.909090909090909
1.0 0.34246346238453906 0.6993006993006994
1.0 0.3433524863640065 0.34188034188034183
1.0 0.646247952231976 0.7032967032967034
1.0 0.2071356877855814 0.0
1.0 0.06528977598100259 0.0
1.0 0.5545159756666128 1.0
1.0 0.6737973926551355 0.6837606837606837
1.0 0.05521164858910696 0.1923076923076923
1.0 0.443872110490816 0.0
1.0 0.3451222077649753 0.603318250377074
1.0 0.42196553149955185 0.13574660633484165
1.0 0.7004608701153862 0.4970414201183431
1.0 0.4271421055154552 0.5641025641025641
1.0 0.5591722016757135 0.22514071294559101
1.0 0.3808344512961003 0.7692307692307692
1.0 0.2614143582144332 1.0
1.0 0.10352257534058472 0.5429864253393665
1.0 0.48417091394426137 0.923076923076923
1.0 0.17239543709635827 0.0
1.0 0.47479752462734554 0.8906882591093117
1.0 0.5612709681248469 0.7384615384615384
1.0 0.24684046977487242 0.0
1.0 0.21664907308592624 0.7384615384615384
1.0 0.5792003457971776 0.5128205128205129
1.0 0.3909801163797162 0.20512820512820507
1.0 0.8142469281938092 0.3846153846153846
1.0 0.3745336704719352 0.923076923076923
1.0 0.18422306335988722 0.33264033264033266
1.0 0.6317109870248279 0.8566433566433567
1.0 0.07903051080470244 0.0
1.0 0.7990274813311034 0.40485829959514175
1.0 0.839021220932826 0.3076923076923076
1.0 0.3549935110043139 0.33898305084745756
1.0 0.8002587187608101 0.7417582417582417
1.0 0.6277042473245625 0.8144796380090498
1.0 0.7262628877188162 0.6293706293706293
1.0 0.600252542975922 0.7692307692307692
1.0 0.5488387564844068 0.41958041958041953
1.0 0.7404724708633421 0.21978021978021983
1.0 0.6885538035587879 0.0
1.0 0.6556336837486149 0.0
1.0 0.5150122855022207 0.5917159763313609
1.0 0.29695570678134997 0.8926875593542261
1.0 0.30777142542684316 0.0
1.0 0.6019807144643355 0.626118067978533
1.0 0.46111263357708054 0.3778677462887989
1.0 0.5578467269154699 0.0
1.0 0.34014109149307536 0.6267806267806268
1.0 0.4127357804672524 0.6993006993006994
1.0 0.2974814257554091 0.1538461538461538
1.0 0.38783341751551914 0.4524886877828053
1.0 0.30218915238143973 0.4545454545454545
1.0 0.6938434248873682 0.3525641025641025
1.0 0.31198090774319537 0.26373626373626363
1.0 0.2127801114900496 0.8391608391608391
1.0 0.2089512512861886 0.0
1.0 0.3297228589844029 0.1923076923076923
1.0 0.7314312713756235 0.1923076923076923
1.0 0.5582054739968723 0.8144796380090498
1.0 0.7316974439779536 0.334448160535117
1.0 0.6033455942404841 0.46153846153846156
1.0 0.6322529159793194 0.7495069033530573
1.0 0.31943474803758004 0.0
1.0 0.16710501269187084 0.6477732793522266
1.0 0.08862622202456864 0.0
1.0 0.2934092837765141 0.1398601398601399
1.0 0.4177944798363682 0.6769230769230768
1.0 0.3303046565815696 0.3619909502262444
1.0 0.4920632794319159 0.6974358974358975
1.0 0.36030175557834054 0.8158508158508158
1.0 0.7639312845075321 0.4347826086956522
1.0 0.598735836549333 0.4339250493096647
