T:1607427464.114395
~~~
T:1607427466.380397
1.0 0.17907986266440604 0.762041696621136
1.0 0.5671566690434185 0.0
1.0 0.26055107214583867 0.8205128205128205
1.0 0.8024477520471149 0.8026755852842808
1.0 0.27211757155890065 0.6193806193806194
1.0 0.6402004816394079 0.5769230769230769
1.0 0.1221273515408748 0.0
1.0 0.2668200914843742 0.0
1.0 0.6814236605983979 0.1923076923076923
1.0 0.3481938842150239 0.4733727810650888
1.0 0.09887541198612 0.3935599284436494
1.0 0.9183093991816729 0.0
1.0 0.38910766538646224 0.0
1.0 0.4913072851579053 0.6688963210702341
1.0 0.04214319065671189 0.3846153846153846
1.0 0.7664062815106013 0.8547008547008547
1.0 0.6471252197271049 0.170940170940171
1.0 0.5829507913585769 0.3076923076923076
1.0 0.34359828446947566 0.0
1.0 0.12190167030978576 0.0
1.0 0.8187651979372105 1.0
1.0 0.07982652400959078 0.21978021978021983
1.0 0.23383540738393296 0.5874125874125874
1.0 0.3144974807748653 0.5128205128205129
1.0 0.7000708828482004 0.8271298593879238
1.0 0.6310418097584389 0.8391608391608391
1.0 0.6488923343142498 0.923076923076923
1.0 0.288062317084378 0.641025641025641
1.0 0.13669007887883153 1.0
1.0 0.6368413926374652 0.6366047745358091
1.0 0.3339284413294243 0.21978021978021983
1.0 0.6750952926292081 0.5494505494505494
1.0 0.5304234111579342 0.5079825834542816
1.0 0.6005319256904534 0.37135278514588865
1.0 0.6571846619395161 0.7378335949764521
1.0 0.06720544691378966 0.4755244755244755
1.0 0.3571776476536109 0.1923076923076923
1.0 0.2552995621166787 0.9401709401709402
1.0 0.614952130656477 0.4158004158004158
1.0 0.08272783786622567 0.0
1.0 0.6366790521372899 0.9401709401709402
1.0 0.7133684621549311 0.3076923076923076
1.0 0.6009591362069495 0.7807118254879449
1.0 0.532945618087683 0.1923076923076923
1.0 0.3812687434420264 0.21978021978021983
1.0 0.5432868895571918 0.6966618287373004
1.0 0.35149895488887983 0.3846153846153846
1.0 0.29920002187996353 0.7692307692307692
1.0 0.21079040830344176 1.0
1.0 0.34304750081429924 0.5128205128205129
1.0 0.48891806917433794 0.7337278106508875
1.0 0.714927948320592 0.641025641025641
1.0 0.7305287219451584 0.0
1.0 0.19420809810099957 0.0
1.0 0.2051229571435996 0.641025641025641
1.0 0.2628895583020168 0.6593406593406593
1.0 0.5045565790707236 0.4395604395604395
1.0 0.6358034009166913 0.17582417582417587
1.0 0.5478144363547973 0.0
1.0 0.6324746874279827 0.717948717948718
1.0 0.38049220312684606 0.9401709401709402
1.0 0.13279175848889269 0.6993006993006994
1.0 0.08414165723637576 0.3846153846153846
1.0 0.5416868479281337 0.0
1.0 0.5844705408343644 0.1923076923076923
1.0 0.698246068620006 0.0
1.0 0.44986924415227975 0.2279202279202279
1.0 0.5903283375345927 0.5594405594405595
1.0 0.2776129995266668 0.0
1.0 0.5959690215318673 0.0
1.0 0.31733925538038843 0.6153846153846154
1.0 0.5501128145128623 0.9890109890109888
1.0 0.08055835259250894 0.0
1.0 0.6428666339878044 0.6938159879336349
1.0 0.8926692814239116 0.25641025641025633
1.0 0.553490200881218 0.0
1.0 0.4291847251100037 0.6029106029106028
1.0 0.5864011565669214 0.757396449704142
