T:1605620808.33
~~~
T:1605620808.95
1.0 0.314816922612 0.876068376068
1.0 0.0787675093981 0.653319283456
1.0 0.418953818046 0.566801619433
1.0 0.543107667767 0.796703296703
1.0 0.450096715587 0.153846153846
1.0 0.353680995204 0.45584045584
1.0 0.535521214123 0.50046339203
1.0 0.580605013144 0.402366863905
1.0 0.613553930948 0.361990950226
1.0 0.504106681943 0.288461538462
1.0 0.177671839804 0.897435897436
1.0 0.663837858406 0.0
1.0 0.758041725705 0.224358974359
1.0 0.359628886824 0.0
1.0 0.480406102871 0.598290598291
1.0 0.264036932138 0.13986013986
1.0 0.250016224395 0.319303338171
1.0 0.863068789861 0.647773279352
1.0 0.202029280475 0.361990950226
1.0 0.499036241046 0.67214339059
1.0 0.222483204466 0.0904977375566
1.0 0.310836675801 0.992092020129
1.0 0.24735315138 0.32967032967
1.0 0.473970964416 0.447227191413
1.0 0.534780251668 0.269230769231
1.0 0.119796317429 0.487804878049
1.0 0.499163367539 0.653846153846
1.0 0.153258802804 0.348717948718
1.0 0.392368198748 0.0
1.0 0.384174386789 0.353089533417
1.0 0.653115040553 0.0
1.0 0.399033616661 0.833333333333
1.0 0.474444935708 0.699300699301
1.0 0.200347106612 0.331825037707
1.0 0.392418190397 0.0
1.0 0.667293230111 0.663650075415
1.0 0.462474438192 0.0
1.0 0.4461345243 0.629370629371
1.0 0.442314933175 0.0
1.0 0.468940043226 0.901856763926
1.0 0.37218266144 0.0
1.0 0.483530561389 0.576923076923
1.0 0.971344258429 0.3663003663
1.0 0.683931273988 0.128205128205
1.0 0.501574333781 0.314685314685
1.0 0.903003400146 0.94674556213
1.0 0.634871659772 0.595533498759
1.0 0.465008361224 0.0
1.0 0.461578042096 0.66889632107
1.0 0.842488731732 0.25641025641
1.0 0.696562825012 0.0
1.0 0.227457502208 0.0452488687783
1.0 0.583319536243 0.0
1.0 0.244100489478 0.475524475524
1.0 0.206052040473 0.0
1.0 0.665646138795 0.615384615385
1.0 0.710029474072 0.496277915633
1.0 0.767501537324 0.27972027972
1.0 0.423275919071 0.0
1.0 0.759555834362 0.0
1.0 0.364390214004 0.0
1.0 0.692975631787 0.0
1.0 0.464348487759 0.769230769231
1.0 0.255041932856 0.0
1.0 0.367577730106 1.0
1.0 0.703475531473 0.153846153846
1.0 0.632290726662 0.350877192982
1.0 0.412899103378 0.461538461538
1.0 0.473013159674 0.0
1.0 0.628554929918 0.410256410256
1.0 0.185694070494 0.659340659341
1.0 0.347400718527 0.710059171598
1.0 0.568957190887 0.769230769231
1.0 0.873322300196 0.865384615385
1.0 0.340090443468 0.662721893491
1.0 0.403192356689 0.236686390533
1.0 0.239229926718 0.0
