T:1607232899.356689
~~~
T:1607232899.791171
1.0 0.06818227431557118 0.8695652173913044
1.0 0.16142502154379354 0.7692307692307692
1.0 0.21740865286690012 0.5917159763313609
1.0 0.2922029751602657 0.605296343001261
1.0 0.27239569380482126 0.32967032967032966
1.0 0.07102162545174183 0.3001876172607879
1.0 0.12102396363603378 0.9340659340659341
1.0 0.14812233772950092 0.0
1.0 0.14897663875635975 0.5594405594405595
1.0 0.6496177911249046 0.717948717948718
1.0 0.13324682706630375 0.0
1.0 0.31227414266903136 0.7605877268798616
1.0 0.591344908907804 0.10989010989010983
1.0 0.17973601617000648 0.0854700854700855
1.0 0.06249206874589187 0.34188034188034183
1.0 0.1082403852310286 0.0
1.0 0.10350244748391144 0.0
1.0 0.32448225710157697 0.0854700854700855
1.0 0.1285232684500226 0.21978021978021983
1.0 0.2615933912391379 0.0
1.0 0.5557223213204535 0.04807692307692307
1.0 0.2594355928850898 0.34188034188034183
1.0 0.4546909825635551 0.39702233250620345
1.0 0.29321370537923325 0.0
1.0 0.18538154929628356 0.4395604395604395
1.0 0.3564547644588572 0.0
1.0 0.0740129522793877 0.0
1.0 0.23387366182756134 1.0
1.0 0.20907127360919375 0.7326007326007326
1.0 0.23850488898240757 0.7692307692307692
1.0 0.21407825238462663 0.1538461538461538
1.0 0.33030205945490876 0.7692307692307692
1.0 0.4013787683251621 0.4102564102564103
1.0 0.1436317064375936 0.9049773755656109
1.0 0.4256020289537767 0.7435897435897435
1.0 0.43494990419336566 0.28846153846153844
1.0 0.5772749470143282 0.170940170940171
1.0 0.47208233244222775 0.21978021978021983
1.0 0.3473189549222869 0.24038461538461536
1.0 0.47831368907794763 0.16937191249117856
1.0 0.2510120432509108 0.0
1.0 0.5354719588122435 0.25641025641025633
1.0 0.3720563291868909 0.8205128205128205
1.0 0.5543623205898399 0.0
1.0 0.40756830464301264 0.7100591715976331
1.0 0.22278869885735972 0.34188034188034183
1.0 0.18661180021645568 0.6593406593406593
1.0 0.4696553741801717 0.3076923076923076
1.0 0.4950482805334121 0.6882591093117408
1.0 0.587969464913445 0.0
1.0 0.1296673511545581 0.7692307692307692
1.0 0.03276024441208431 0.18567639257294433
1.0 0.5927773746022191 0.3076923076923076
1.0 0.8356839641293647 0.7566204287515762
1.0 0.3696081910024025 0.18315018315018317
1.0 0.8080649453717251 0.20319303338171257
1.0 0.6134114569204693 0.7122507122507121
1.0 0.6587165554831945 1.0
1.0 0.24500148172748434 0.8144796380090498
1.0 0.1667098584366457 0.0
1.0 0.7626011208228355 0.923076923076923
1.0 0.08096335964163148 0.48351648351648346
1.0 0.648948016682333 0.49773755656108587
1.0 0.3800363763855663 0.41958041958041953
1.0 0.06153196389212524 0.21116138763197578
1.0 0.7316688375489879 0.0
1.0 0.23351210530168517 0.0
1.0 0.6886523593576058 0.7692307692307692
1.0 0.6495599721812049 0.6334841628959276
1.0 0.43216700538566427 0.5128205128205129
1.0 0.07441580382685228 0.33136094674556216
1.0 0.21241776593916098 0.6360946745562129
1.0 0.12516079941446276 0.7692307692307692
1.0 0.6919847141643916 0.3496503496503497
1.0 0.06937054085650184 0.641025641025641
1.0 0.22229868282887139 0.1846153846153846
1.0 0.6410810056961214 1.0
