T:1607428844.5416698
~~~
T:1607428845.100366
1.0 0.19749725703905258 0.7407407407407408
1.0 0.8083379652242456 0.7692307692307692
1.0 0.19452023807478538 0.0
1.0 0.7886337069870756 0.11396011396011395
1.0 0.3346322099006513 0.8341056533827619
1.0 0.23869260289077132 0.12820512820512825
1.0 0.28626595198598687 0.5944055944055944
1.0 0.25007574554917267 0.4733727810650888
1.0 0.7733045069122856 0.7692307692307692
1.0 0.44777107073415806 0.8284023668639052
1.0 0.6431225838893417 0.0
1.0 0.6723285006674872 0.4230769230769231
1.0 0.4669307548401517 0.0
1.0 0.7487711423892003 0.0
1.0 0.147918934630753 0.6153846153846154
1.0 0.437639475553573 0.0
1.0 0.49089461130681866 0.0
1.0 0.7873060529885018 0.1538461538461538
1.0 0.5354333900452651 0.9072978303747534
1.0 0.14044456948255768 0.9615384615384615
1.0 0.36117881067378615 0.0
1.0 0.7051699597389015 0.0
0.975586935259518 0.7769578962868654 0.6993006993006994
1.0 0.8900037018638932 0.5128205128205129
1.0 0.5761856606415212 0.547588005215124
1.0 0.7800214754250995 0.6923076923076922
1.0 0.6078729697083721 0.7912087912087911
1.0 0.3112234043535346 0.1538461538461538
1.0 0.4236449390456676 0.0
1.0 0.4423475441316495 0.5016722408026756
1.0 0.6642646734910757 0.689655172413793
1.0 0.8703863957832195 0.3263403263403264
1.0 0.718383174533728 0.6086221470836856
1.0 0.7870928997464987 0.4395604395604395
1.0 0.879677345133289 0.0
1.0 0.7087026750358533 0.0
1.0 0.5666849139883009 0.879120879120879
1.0 0.6313402198761279 0.0
1.0 0.6685327258581464 0.606060606060606
1.0 0.7122949905393525 0.29459901800327337
1.0 0.6289054254312132 0.0
1.0 0.7929950695103641 0.2447552447552447
1.0 0.46002235154026844 0.3846153846153846
1.0 0.2221050187793296 0.0
1.0 0.21268227522082622 0.25289778714436245
1.0 0.25404405596027857 0.8329250367466927
1.0 0.8356548455139357 0.0
1.0 0.6208150188450308 0.7692307692307692
1.0 0.77068323842646 0.4733727810650888
1.0 0.5858328884929468 0.21978021978021983
1.0 0.6421975058302796 0.7692307692307692
1.0 0.39898982566068136 0.5769230769230769
1.0 0.3797646468117493 0.0
1.0 0.3653748220746018 0.0
1.0 0.31920637138753993 0.0
1.0 0.5233806916314528 0.657051282051282
1.0 0.5003244555006244 0.4662004662004661
1.0 0.8267135284844136 0.7692307692307692
1.0 0.6389647372550908 0.21978021978021983
1.0 0.4298749143666097 0.0
1.0 0.4214584123805064 0.08097165991902842
1.0 0.48140430367912385 0.46153846153846156
1.0 0.48927205083423286 0.20979020979020976
1.0 0.40099055561234737 0.1398601398601399
1.0 0.31039221038042053 0.0
1.0 0.3310232859148415 0.47619047619047616
1.0 0.6589686771749061 0.08708272859216253
1.0 0.6072655213269862 0.09615384615384615
1.0 0.6194243538815671 0.0
1.0 0.4687233906826483 0.0
1.0 0.5769097422853514 0.28846153846153844
1.0 0.6390731268853429 0.8058608058608059
1.0 0.46309279909394185 0.6193806193806194
1.0 0.659958301876179 0.6187290969899666
1.0 0.6820028097439229 0.8371040723981901
1.0 0.7834231790818824 0.7376185458377239
1.0 0.49396901683192285 0.8205128205128205
1.0 0.5008171373472488 0.9670329670329669
