T:1607232831.6980789
~~~
T:1607232832.088049
1.0 0.6359746413134052 0.21978021978021983
1.0 0.5298411992237947 0.8597285067873303
1.0 0.40774472994242433 0.12210012210012218
1.0 0.4706319352916125 0.34188034188034183
1.0 0.5403666027916911 0.4962779156327544
1.0 0.8562131978807705 0.0
1.0 0.791527683863828 0.641025641025641
1.0 0.6005467971570022 0.1923076923076923
1.0 0.18591187375622598 0.0
1.0 0.08564232927253057 0.5769230769230769
1.0 1.0 0.0
1.0 0.2133283100638883 0.5594405594405595
1.0 0.17203580924873255 0.5633802816901408
1.0 0.2335745765722194 0.04962779156327539
1.0 0.890436408526642 0.34188034188034183
1.0 0.5667644555167582 0.043956043956043966
1.0 0.15839343236799128 0.0
1.0 0.7785773136668439 0.5128205128205129
1.0 0.0991461211407964 0.3846153846153846
1.0 0.5023468388874089 0.8926875593542261
1.0 0.5808655528281339 0.8322824716267337
1.0 0.4196714780457811 0.46153846153846156
1.0 0.04515201609588674 0.4395604395604395
1.0 0.6487969707497393 0.0
1.0 0.44035457700674585 0.28846153846153844
1.0 0.6070079809356926 0.334448160535117
1.0 0.593114346864398 0.12307692307692301
1.0 0.11253708384670832 0.7438715131022823
1.0 0.8573972671580123 0.4102564102564103
1.0 0.48901304674694623 0.4682274247491639
1.0 0.41667869692447845 0.8391608391608391
1.0 0.8125847601118558 0.7557354925775978
1.0 0.3526848877854402 0.3076923076923076
1.0 0.32282483436788556 0.8906882591093117
1.0 0.47670313605366543 0.6500541711809317
1.0 0.37583805100627743 0.4023668639053254
1.0 0.7263554890420705 0.24813895781637713
1.0 0.514587052889679 0.7541478129713424
1.0 0.09918802395655982 0.9467455621301776
1.0 0.022133720689457372 0.0
1.0 0.39006338817086106 0.0
1.0 0.08045282599924763 0.7155635062611807
1.0 0.6650051297370173 0.0
1.0 0.28055419572385587 0.32200357781753136
1.0 0.3774094443499881 0.6118881118881119
1.0 0.7290129686644884 0.051282051282051266
1.0 0.8163249540223645 0.3846153846153846
1.0 0.2130036094621895 0.9686609686609686
1.0 0.7466162899722639 0.170940170940171
1.0 0.42887327674631376 0.0
1.0 0.4189072935488826 0.5405405405405405
1.0 0.602208412013454 0.3846153846153846
1.0 0.31152317583305567 1.0
1.0 0.5373212588537319 0.0
1.0 0.3929419665982795 0.2902757619738751
1.0 0.3220331058228059 0.0
1.0 0.5138992605240181 0.6267806267806268
1.0 0.6328328137945022 0.4558404558404558
1.0 0.350585888305363 0.0
1.0 0.2882788826789229 0.0
1.0 0.6385516745708308 0.5594405594405595
1.0 0.2211241176492524 0.7435897435897435
1.0 0.5627420879670748 0.7611336032388664
1.0 0.1469897705012061 0.27972027972027963
1.0 0.1077542848432784 0.34188034188034183
1.0 0.5071851484261468 0.11257035647279542
1.0 0.09196609296545771 0.5023547880690739
1.0 0.320588470658508 0.34188034188034183
1.0 0.37520460263263694 0.05698005698005706
1.0 0.4436677871849444 0.34536891679748827
1.0 0.6136418780014796 0.0
1.0 0.5557482604565044 0.7977207977207978
1.0 0.6555281988341841 1.0
1.0 0.4016434985477137 0.7142857142857143
1.0 0.6953534295384802 0.1465201465201465
1.0 0.500992357138246 0.0904977375565611
1.0 0.4511295026641701 0.641025641025641
