T:1605620878.81
~~~
T:1605620879.33
1.0 0.838220283662 0.316742081448
1.0 0.760127187368 0.202429149798
1.0 0.833512779694 0.175824175824
1.0 0.722709794326 0.0
1.0 0.585038620887 0.461538461538
1.0 0.859787534814 0.723981900452
1.0 0.544427147477 0.216346153846
1.0 0.750210676937 0.161943319838
1.0 0.46386715702 0.699300699301
1.0 0.403065486683 0.552268244576
1.0 0.579055927251 0.0549450549451
1.0 0.156086037473 0.552268244576
1.0 0.54259256531 0.755735492578
1.0 0.777772014413 0.553846153846
1.0 0.673329711514 0.407239819005
1.0 1.0 0.0
1.0 0.597929852184 0.865384615385
1.0 0.62955926933 0.602006688963
1.0 0.821657452158 0.706179066835
1.0 1.0 0.0
1.0 0.404896907053 0.443285528031
1.0 0.0422172137647 0.0904977375566
1.0 0.574922103455 0.241327300151
1.0 0.445269189969 0.0
1.0 0.196295477485 0.0
1.0 0.706859052982 0.494505494505
1.0 0.463714218335 0.276134122288
1.0 0.684646314223 0.923076923077
1.0 0.477937224651 0.131868131868
1.0 0.6646006451 0.0
1.0 0.213243521698 0.759962928638
1.0 0.517063581758 0.526315789474
1.0 0.120944586056 0.834824090638
1.0 0.218483381511 0.25641025641
1.0 0.526337271902 0.0
1.0 0.391379398615 0.512820512821
1.0 0.515051600634 0.785256410256
1.0 0.0876975283503 0.410256410256
1.0 0.708536682719 0.468227424749
1.0 0.600543712779 0.0295857988166
1.0 1.0 0.512820512821
1.0 0.161566493286 0.710059171598
1.0 0.450570527209 0.34188034188
1.0 0.184312892168 0.0
1.0 0.660511460623 0.29776674938
1.0 0.514914790096 0.34188034188
1.0 0.866674935684 0.307692307692
1.0 0.0185183510782 0.0
1.0 0.260394269237 0.615384615385
1.0 0.124793626607 0.0
1.0 0.511395097585 0.520043336945
1.0 0.522316571135 0.854700854701
1.0 0.820734353985 0.512820512821
1.0 0.582576809796 0.683760683761
1.0 0.0832406134011 0.0
1.0 0.356541678402 1.0
1.0 0.12140318137 0.714285714286
1.0 0.0935213523677 0.0
1.0 0.510666735134 0.719063545151
1.0 0.413944397222 0.185676392573
1.0 0.103791462888 0.865384615385
1.0 0.421236546357 0.118343195266
1.0 0.494739537986 0.826923076923
1.0 0.629117634202 0.16632016632
1.0 0.432479079743 0.0
1.0 0.514099877004 0.512820512821
1.0 0.167146796325 0.0
1.0 0.29009707133 0.205128205128
1.0 0.437997740616 0.118343195266
1.0 0.322971677401 0.852842809365
1.0 0.263525371036 0.470957613815
1.0 0.361749492942 0.04662004662
1.0 0.506331272912 0.429338103757
1.0 0.35987169753 0.153846153846
1.0 0.717438697093 0.21978021978
1.0 0.424408127279 0.452488687783
1.0 0.473382098264 0.0
