T:1605620798.25
~~~
T:1605620798.58
1.0 0.355480769175 0.940170940171
1.0 0.268954104766 0.225140712946
1.0 0.672716718239 0.805860805861
1.0 0.59492705316 0.807061790668
1.0 0.258510894657 0.546558704453
1.0 0.737159514107 0.0
1.0 0.579742405634 0.0603318250377
1.0 0.481748467318 0.145137880987
1.0 0.278108458439 0.940170940171
1.0 0.0 0.0
1.0 0.550260186635 0.384615384615
1.0 0.510335485511 0.0
1.0 0.710903595748 1.0
1.0 0.640529654948 0.137362637363
1.0 0.44137686273 0.984615384615
1.0 0.327741113737 0.0
1.0 0.487546847065 1.0
1.0 0.390006620158 0.0
1.0 0.176245806809 0.769230769231
1.0 0.0849075538143 0.0
1.0 0.645135830341 0.602006688963
1.0 0.633627910792 0.742705570292
0.923012252392 0.569254472805 0.769230769231
1.0 0.458581036206 0.335664335664
1.0 0.194798371501 0.13986013986
1.0 0.497623347129 0.384615384615
1.0 0.243431682587 0.723981900452
1.0 0.863155112186 0.0
1.0 0.456947375159 0.659340659341
1.0 0.70253609629 0.923076923077
1.0 0.45120197204 1.0
1.0 0.897137593342 0.512820512821
1.0 0.109958730764 0.0
1.0 0.418842954041 0.452488687783
1.0 0.300114568254 0.0904977375566
1.0 0.144682244295 0.0
1.0 0.662725190589 0.192307692308
1.0 0.108827361154 0.814479638009
1.0 0.184992149446 0.564102564103
1.0 0.332937734736 1.0
1.0 0.664898824488 0.161943319838
1.0 0.491238428199 0.231822971549
1.0 0.295186211253 0.769230769231
1.0 0.630483994182 0.192307692308
1.0 0.733794157523 0.671971706454
1.0 0.134122617703 0.861538461538
1.0 0.323540929802 0.641025641026
1.0 0.727959000481 0.591715976331
1.0 0.016322600619 0.224358974359
1.0 0.652970566248 0.710059171598
1.0 0.464702707586 0.671328671329
1.0 0.570545932821 0.0
1.0 0.452322629281 0.0
1.0 0.774504993621 0.0
1.0 0.463860403745 0.205128205128
1.0 0.327391819475 0.769230769231
1.0 0.0516882602088 0.923076923077
1.0 0.425088246514 0.504413619168
1.0 0.735160710167 0.512820512821
1.0 0.895261310227 0.512820512821
1.0 0.406733327636 0.971659919028
1.0 0.635600888385 0.794044665012
1.0 0.605736586251 0.0
1.0 0.319435233048 0.27972027972
1.0 0.453342681216 0.0
1.0 0.317014997862 0.487804878049
1.0 0.220924294898 0.41958041958
1.0 0.614516404543 0.846153846154
1.0 0.363248970358 0.165680473373
1.0 0.420094384226 0.769230769231
1.0 0.423049100308 0.0
1.0 0.286255743108 0.27972027972
1.0 0.0409061550035 0.0
1.0 0.077433452688 0.699300699301
1.0 0.637580491963 0.769230769231
1.0 0.429711070711 0.404858299595
1.0 0.222888979034 0.0
