T:1607236288.078381
~~~
T:1607236288.814235
1.0 0.2965021283964329 0.0
1.0 0.2966457228657693 0.20512820512820507
1.0 0.4474391568376654 0.19780219780219777
1.0 0.6666974502539913 0.1809954751131222
1.0 0.15373857566058677 0.0
1.0 0.6649756784336208 0.533751962323391
1.0 0.17584053255051382 0.6947890818858561
1.0 0.7843207422127709 0.09819967266775774
1.0 0.6772387694566606 0.6390532544378698
1.0 0.4471888248935181 0.04048582995951412
1.0 0.6656160304602993 0.05305039787798402
1.0 0.34742958990544426 0.6105006105006106
1.0 0.5513160050751159 0.0
1.0 0.6656709771489732 0.7692307692307692
1.0 0.17787405007246881 0.6797853309481217
1.0 1.0 0.5128205128205129
1.0 0.5596954712242619 0.0
1.0 0.6678370392016444 0.7142857142857143
1.0 0.2821665972715932 0.0
1.0 0.7848319425114643 0.0
1.0 0.7797675870944091 0.0904977375565611
1.0 0.5882661343400615 0.17416545718432505
1.0 0.7749100716010806 0.2279202279202279
1.0 0.45507295633872746 0.5897435897435896
1.0 0.5830171633752435 0.2991452991452991
1.0 0.49706601376165516 0.933448573898012
1.0 0.4239961544155992 0.4895104895104896
1.0 0.5509091508132413 0.1465201465201465
1.0 0.19944856665809618 0.7326007326007326
1.0 0.4220572119266841 0.08316008316008316
1.0 0.6766972830599 0.6815968841285297
1.0 0.4003410678826972 0.3944773175542406
1.0 0.5493682483819567 0.6754221388367728
1.0 0.24390483832990775 0.1183431952662721
1.0 0.6250383628139033 0.686070686070686
1.0 0.8452934319027833 0.39702233250620345
1.0 0.607319787500142 0.22624434389140274
1.0 0.5807422371992461 0.7392607392607393
1.0 0.6691672126418493 0.832579185520362
1.0 0.17550821577566617 0.32967032967032966
1.0 0.232703593618003 0.5842259006815969
1.0 0.542052848801601 0.2494802494802495
1.0 0.5792174370312233 0.0
1.0 0.6706662596401565 0.5917159763313609
1.0 0.3781072165909559 0.3001876172607879
1.0 0.6915194091747338 0.0
1.0 0.3803400644850538 0.289855072463768
1.0 0.602317896249606 0.8630393996247655
1.0 0.504958989566748 0.6688963210702341
1.0 0.5576931728255349 0.34188034188034183
1.0 0.6011450195938838 0.3273322422258592
1.0 0.5627103103852765 0.34188034188034183
1.0 0.5143628522087524 0.170940170940171
1.0 0.4104648460721819 0.45397225725094575
1.0 0.41599100825798735 0.0
1.0 0.4368214239188317 0.46153846153846156
1.0 0.4641700675796328 0.9954751131221717
1.0 0.35276408949242366 0.5067873303167422
1.0 0.7059222171754334 0.26755852842809363
1.0 0.580114965794971 0.05917159763313605
1.0 0.7565632383340484 0.628385698808234
1.0 0.5317839932122813 0.48433048433048426
1.0 0.24617814851891615 0.40293040293040283
1.0 0.6616822198743254 0.27613412228796846
1.0 0.7573853233222085 0.1538461538461538
1.0 0.5580693023665654 0.170940170940171
1.0 0.3050777354831494 0.8275058275058275
1.0 0.7420496193933446 0.035778175313059095
1.0 0.2416163877812372 0.0
1.0 0.6175184054440338 0.3846153846153846
1.0 0.644245254948003 0.1183431952662721
1.0 0.22466966981740033 0.3632478632478633
1.0 0.7889486224676074 0.0
1.0 0.3251983311768547 0.3767660910518054
1.0 0.5931655051515989 0.1431127012522362
1.0 0.4473515189559336 0.5384615384615384
1.0 0.20943174648036048 0.6305170239596469
