T:1605620907.37
~~~
T:1605620907.9
1.0 0.504034208627 0.0
1.0 0.483629627739 0.559440559441
1.0 0.682954206612 0.384615384615
1.0 0.769123780947 0.769230769231
1.0 0.56439925396 0.0
1.0 1.0 0.0
1.0 0.232017680673 0.0
1.0 0.275053674105 0.27972027972
1.0 0.820983941739 0.21978021978
1.0 1.0 0.0
1.0 0.708095375117 0.153846153846
1.0 0.599998174326 0.676923076923
1.0 0.68103691488 0.723981900452
1.0 0.615365868831 0.0
1.0 0.562013779289 0.769230769231
1.0 0.638673460612 0.559440559441
1.0 0.482726166234 0.0
1.0 0.737451388238 0.0
1.0 0.735553303279 0.557413600892
1.0 0.332776954872 0.192307692308
1.0 0.686112621058 0.42735042735
1.0 0.640929734545 0.301659125189
1.0 0.54100551293 0.728744939271
1.0 0.942287619718 0.0
1.0 0.297361244861 0.0
1.0 0.587769758203 0.805860805861
1.0 0.31788737022 0.0
1.0 0.570106575341 0.0615384615385
1.0 0.449390018112 0.559440559441
1.0 0.662353918501 0.0
1.0 0.503836417919 0.192307692308
1.0 0.972141257801 0.0
1.0 0.701899587288 0.0
1.0 0.484887287055 0.21978021978
1.0 1.0 0.879120879121
1.0 0.622562186835 0.0
1.0 0.521700524912 0.803418803419
1.0 0.206387039158 0.384615384615
1.0 0.487540358256 0.0699300699301
1.0 0.914023437026 0.34188034188
1.0 0.677870193054 0.780379041249
1.0 0.665468802503 0.923076923077
1.0 0.827849843283 0.274725274725
1.0 0.0793958954808 0.197238658777
1.0 0.511167056148 0.863039399625
1.0 0.346876976114 0.0
1.0 0.386880534203 0.865384615385
1.0 0.692608003451 0.778727445394
1.0 0.520736420714 0.699300699301
1.0 0.463200078746 0.0
1.0 0.474844524868 0.879120879121
1.0 0.445396903126 0.0
1.0 0.459228011795 0.0
1.0 0.30491506831 0.636604774536
1.0 0.810846026265 0.649038461538
1.0 0.569373112393 0.0375234521576
1.0 0.210393568267 0.404858299595
1.0 0.0 0.0
1.0 0.145343867767 0.236686390533
1.0 0.943660420063 0.512820512821
1.0 0.422703048867 0.327868852459
1.0 0.184417765912 0.0
1.0 0.602465163597 0.0932400932401
1.0 0.096179105935 0.0
1.0 0.252704945649 0.41958041958
1.0 0.772226395674 0.294599018003
1.0 0.161294277492 0.797720797721
1.0 0.539126548402 0.873180873181
1.0 0.746676508436 0.535117056856
1.0 0.161843784601 0.615384615385
1.0 0.526840732208 0.814479638009
1.0 0.427690477517 0.643356643357
1.0 0.227594833037 0.769230769231
1.0 0.508383161294 0.242914979757
1.0 0.777437993192 0.0307692307692
1.0 0.372408835133 0.0
1.0 0.604931170501 0.423076923077
