T:1607232664.193991
~~~
T:1607232664.6911428
1.0 0.42960357963707896 0.8222811671087534
1.0 0.6828015217425873 0.5128205128205129
1.0 0.07149007842334473 0.0
1.0 0.4207855500643766 0.7407407407407408
1.0 0.6575080915962745 0.3550295857988165
1.0 0.7296706401034188 0.3461538461538461
1.0 0.7060854501748092 0.28622540250447226
1.0 0.7105337739520726 0.5850487540628386
1.0 0.6028097038105925 0.46153846153846156
1.0 0.45831769077668905 0.0
1.0 0.5459712224089064 0.0
1.0 0.662693964484469 0.6676342525399129
1.0 0.42421624736759245 0.0
1.0 0.628060624522662 0.1061007957559682
1.0 0.22330807501871744 0.6706114398422091
1.0 0.2040338888016721 0.19943019943019946
1.0 0.6288297860799996 0.728744939271255
1.0 0.6758251573412046 0.3193033381712626
1.0 0.768165868475704 0.713489409141583
1.0 0.6125195213747979 0.0
1.0 0.6345360407932735 0.35714285714285704
1.0 0.33660748073691954 0.7239819004524887
1.0 0.6644595929077356 0.6153846153846154
1.0 0.26861266339575707 0.8961911874533233
1.0 0.058402724005344506 0.0
1.0 0.6594213266186721 0.8205128205128205
1.0 0.16628219803669608 0.21978021978021983
1.0 0.5928333315947205 0.7692307692307692
1.0 0.2803003099749454 0.3846153846153846
1.0 0.2223319120858171 0.0
1.0 0.38868865714370554 0.0
1.0 0.25937553799465135 0.0
1.0 0.6605086157291239 0.3013481363996827
1.0 0.32977777295821586 0.4023668639053254
1.0 0.43475438307387715 0.5594405594405595
1.0 0.45425767426019037 0.0
1.0 0.5694248928306591 0.2393162393162393
1.0 0.2575646770361459 0.916162489196197
1.0 0.5464663910480801 0.33182503770739064
1.0 0.38717053790129163 0.0
1.0 0.48523746106894905 0.9523809523809523
1.0 0.5898009441704831 1.0
1.0 0.15582098359652663 0.5128205128205129
1.0 0.8473400448820878 0.3846153846153846
1.0 0.7445793580010632 0.7159177456207159
1.0 0.5365716620181985 0.3692307692307692
1.0 0.8554819348415935 0.7058823529411765
1.0 0.5508293066661688 0.6593406593406593
1.0 0.3177405698256213 0.0
1.0 0.6712549949593127 0.7692307692307692
1.0 0.4471888107928202 0.48472075869336145
1.0 0.5617538362463798 0.9049773755656109
1.0 0.463905135086673 0.5594405594405595
1.0 0.37298982678066656 0.0
1.0 0.37432171091272 0.21978021978021983
1.0 0.4538733801116292 0.3935599284436494
1.0 0.7329906313942669 0.3076923076923076
1.0 0.7566078372211985 0.5212968849332485
1.0 0.44565111985704026 0.36630036630036633
1.0 0.48569110168486723 0.5594405594405595
1.0 0.4734912749289257 0.0904977375565611
1.0 0.4872293704914106 0.6366047745358091
1.0 0.2576448903459253 0.1337792642140469
1.0 0.6415093009188186 0.0
1.0 0.5581788106701643 0.17582417582417587
1.0 0.37673597623982213 0.8167141500474834
1.0 0.7863735182201388 0.0
1.0 0.7248100654162555 0.3483309143686501
1.0 0.5804064074969046 0.1538461538461538
1.0 0.061023643834294664 0.3377110694183864
1.0 0.5646948934907199 0.9005628517823641
1.0 0.07810565225949806 0.06688963210702337
1.0 0.08374288752266916 0.17889087656529515
1.0 0.22560302516095818 0.3846153846153846
1.0 0.7033812541537405 0.691711389385808
1.0 0.6126309689226827 0.4
1.0 0.5983791038826358 0.6153846153846154
