T:1607232642.974875
~~~
T:1607232643.5063748
1.0 0.08351012339339103 0.1398601398601399
1.0 0.06366186546760673 0.07692307692307698
1.0 0.0838359638322999 0.41958041958041953
1.0 0.31420461158085883 0.7692307692307692
1.0 0.5582765274166074 0.08097165991902842
1.0 0.2583692130739379 0.06688963210702337
1.0 0.5562075984928915 0.6386066763425254
1.0 0.6083647014445477 0.34188034188034183
1.0 0.3443037307994303 0.0
1.0 0.24243723393773137 0.22296544035674465
1.0 0.31279256436068564 0.25641025641025633
1.0 0.17693357205006754 0.0
1.0 0.2951466817033128 0.0
1.0 0.6297015382404298 0.919080919080919
1.0 0.4257012893219858 0.3273322422258592
1.0 0.4626911871240994 0.0
1.0 0.17712010804036235 0.0
1.0 0.4679217565982024 0.8373904576436222
1.0 0.19698281867347553 0.6153846153846154
1.0 0.2994873070777769 0.8446455505279035
1.0 0.621521543604404 0.8284023668639052
1.0 0.5614752254252416 0.571992110453649
1.0 0.1248386814466927 0.05917159763313605
1.0 0.490882295688838 0.9291698400609291
1.0 0.018632982487079168 1.0
1.0 0.25437312560058517 0.42735042735042733
1.0 0.8466146252593727 0.9644087256027555
1.0 0.6651208083025212 0.879120879120879
1.0 0.6748560848414582 0.07504690431519706
1.0 0.2195599706131262 0.1923076923076923
1.0 0.3814889711967532 0.6267806267806268
1.0 0.5624136647835428 0.7692307692307692
1.0 0.5760498288875177 0.963855421686747
1.0 0.6696768107873599 0.34188034188034183
1.0 0.5884050867051235 0.053981106612685556
1.0 0.04805686088973186 0.21978021978021983
1.0 0.2890423593147556 0.0
1.0 0.63106179173253 0.7332854061826025
1.0 0.5394109885643142 0.3619909502262444
1.0 0.6716558060799215 0.4524886877828053
1.0 0.6158840821358643 0.29689608636977066
1.0 0.6536077839444829 0.11257035647279542
1.0 0.7200255322538347 0.4142011834319527
1.0 0.5175562591011172 0.5874125874125874
1.0 0.5238853348396025 0.0
1.0 0.37348533257184363 0.0
1.0 0.37307549394916445 0.5594405594405595
1.0 0.5333939110084848 0.6334841628959276
1.0 0.5637454869258587 0.79002079002079
1.0 0.7460099063594814 0.7541478129713424
1.0 0.5002111205528617 0.4395604395604395
1.0 0.5747411982384505 0.47095761381475665
1.0 0.6394105169951506 0.6153846153846154
1.0 0.193974126444311 0.7100591715976331
1.0 0.4221580136525337 0.0
1.0 0.542184122645409 0.4558404558404558
1.0 0.8786471565035753 0.7692307692307692
1.0 0.6957663241300456 0.4807692307692307
1.0 0.8738558247682702 0.4923076923076922
1.0 0.5171258568003596 0.26755852842809363
1.0 0.2769522474223693 0.0904977375565611
1.0 0.3841152961817802 0.923076923076923
1.0 0.5571902039183869 0.0
1.0 0.5171977260616752 0.8041958041958042
1.0 0.554321023447567 0.8615384615384616
1.0 0.442904811443865 0.0
1.0 0.4384917020565766 0.0
1.0 1.0 0.7100591715976331
1.0 0.7938712120660317 0.8653846153846153
1.0 0.44700465622725993 0.5494505494505494
1.0 0.40146731901588195 0.6593406593406593
1.0 0.6373101149933953 0.0
1.0 0.5308478838809257 0.5128205128205129
1.0 0.5115223239315513 0.40485829959514175
1.0 0.7108241333216573 0.0
1.0 0.6852224469185482 0.0
1.0 0.11134880436934527 0.0
