T:1607428180.534406
~~~
T:1607428181.165279
1.0 0.34919415236293433 0.8284023668639052
1.0 0.6672153536097623 0.9049773755656109
1.0 0.7018550344774886 0.6933911159263271
1.0 0.11038234954315948 0.2618657937806874
1.0 0.346990455370334 0.4102564102564103
1.0 0.715014434074338 0.07444168734491308
1.0 0.6746721964807233 0.39627039627039623
1.0 0.6808023273226003 0.3076923076923076
1.0 0.5791963775769329 0.6706114398422091
1.0 0.23662269312002138 1.0
1.0 0.623014791097991 0.0
1.0 0.532087092880663 0.4395604395604395
1.0 0.4232128395004856 1.0
1.0 0.4593007997632025 0.5594405594405595
1.0 0.5172585779534269 0.5128205128205129
1.0 0.8027270249825176 0.0
1.0 0.264649543824265 0.8144796380090498
1.0 0.7424630758455523 0.41958041958041953
1.0 0.2970458411775087 0.44444444444444436
1.0 0.21159037979515954 0.4395604395604395
1.0 0.5586487169884147 0.879120879120879
1.0 0.5573275926906174 0.916162489196197
1.0 0.6032824886781006 0.8455666470933647
1.0 0.29243398583746333 0.7264957264957265
1.0 0.45414260076132223 0.5494505494505494
1.0 0.7275602664650904 0.5698005698005697
1.0 0.4335444015620143 0.5594405594405595
1.0 0.4880802237987714 0.40485829959514175
1.0 0.4931782503953909 0.6710310965630114
1.0 0.5421198779786558 0.6334841628959276
1.0 0.6774877771728434 0.0
1.0 0.13008903743519454 0.0
1.0 0.9257732484161346 0.9549071618037135
1.0 0.2959185040197032 0.6153846153846154
1.0 0.10301562951294999 0.0
1.0 0.5160354694576917 0.8964264082374319
1.0 0.18593485491002135 0.7692307692307692
1.0 0.4076572613024492 0.1398601398601399
1.0 0.33364196862085616 0.6334841628959276
1.0 0.5910200347719677 0.5769230769230769
1.0 0.5865226917541316 0.3564727954971857
1.0 0.537077290813282 0.2692307692307693
1.0 0.7287159922000402 0.4142011834319527
1.0 0.00928832604495706 0.3496503496503497
1.0 0.5215340140371919 0.5997392438070404
1.0 0.6064114979002362 0.8436724565756822
1.0 0.7022130679334557 0.28622540250447226
1.0 0.542053309589593 0.625
1.0 0.4310781689642751 0.597285067873303
1.0 0.23701326151325033 0.1923076923076923
1.0 0.7052962321521208 0.5288461538461539
1.0 0.2614758243642931 0.0
1.0 0.7613979378447373 0.08097165991902842
1.0 0.18479516919918734 0.4774535809018567
1.0 0.565620889165714 0.0
1.0 0.20302877148118928 0.3767660910518054
1.0 0.4836690714134021 0.2279202279202279
1.0 0.6249933670213809 0.0
1.0 0.18136458499282995 0.24038461538461536
1.0 0.6239836157618246 0.6267806267806268
1.0 0.20105320136603538 0.4395604395604395
1.0 0.3887072207203923 0.6521739130434783
1.0 0.3452491103127626 0.2366863905325444
1.0 0.5817275470088592 0.0
1.0 0.692675047563318 0.7122507122507121
1.0 0.5099608740204092 0.5128205128205129
1.0 0.3203276891366474 0.0
1.0 0.5608363624361562 0.0
1.0 0.6693545108952869 0.7692307692307692
1.0 0.725352468702005 0.10033444816053505
1.0 0.1691947809874228 1.0
1.0 0.20287057438170053 0.9615384615384615
1.0 0.37956558454579226 0.6334841628959276
1.0 0.5197160390447686 0.3076923076923076
1.0 0.1746628179433431 0.8026755852842808
1.0 0.6212989825434233 0.0
1.0 0.5813052724189796 0.33136094674556216
1.0 0.7660710459279233 0.8083441981747065
