T:1607232747.417692
~~~
T:1607232748.0051358
1.0 0.017850416769633615 0.28490028490028496
1.0 0.12625470284713994 0.7692307692307692
1.0 0.16070296036434223 0.6923076923076922
1.0 0.39980350085182415 0.06153846153846159
1.0 0.45767860394648896 0.8424908424908425
1.0 0.6811098370060187 0.75
1.0 0.27818352872971236 0.3016591251885369
1.0 0.3119711166462261 0.3550295857988165
1.0 0.5907326150706018 0.5274725274725275
1.0 0.3647459183969666 0.0
1.0 0.15187643388294084 0.7150595882990249
1.0 0.38884215356982343 0.48780487804878037
1.0 0.18925211388950616 0.6941838649155722
1.0 0.397610825063813 0.27472527472527475
1.0 0.6852665575760633 0.5508072174738842
1.0 0.5513661906052224 0.39560439560439553
1.0 0.27161163919166786 0.9878542510121457
1.0 0.4375373641683543 0.760777683854607
1.0 0.40046223289134986 0.3139717425431711
1.0 0.6222066733859107 0.5748098055790364
1.0 0.4052031219787806 0.6153846153846154
1.0 0.12426154074839507 0.0
1.0 0.5602256957981973 0.6378986866791745
1.0 0.5407170041787697 0.6888633754305395
1.0 0.5277146249886494 0.7925407925407925
1.0 0.5647157462365736 0.6395851339671564
1.0 0.4784711457099795 0.170940170940171
1.0 0.3754096750079369 0.6373626373626373
1.0 0.4664732147709445 0.0
1.0 0.4148437369340803 0.19851116625310172
1.0 0.09514381726189522 0.934761441090555
1.0 0.7481447562017047 0.08667388949079095
1.0 0.1931717431195173 0.37220843672456577
1.0 0.2638154798372226 0.3076923076923076
1.0 0.5809407958743368 0.0
1.0 0.48149263663733655 0.4063860667634253
1.0 0.6936837470833611 0.25641025641025633
1.0 0.7572646373568391 0.4023668639053254
1.0 0.2173015751911272 0.0
1.0 0.6523882835188488 0.392156862745098
1.0 0.5422398985579066 0.1183431952662721
1.0 0.5955689929665182 0.3076923076923076
1.0 0.7324875871740709 0.28846153846153844
1.0 0.3332376095434253 0.6593406593406593
1.0 0.5706723911743213 0.3846153846153846
1.0 0.6267856281490417 0.12145748987854255
1.0 0.35685900608008886 0.8322824716267337
1.0 0.40496273581470965 0.7239819004524887
1.0 0.6260931799920576 0.8228980322003578
1.0 0.6172340100383243 0.5034965034965034
1.0 0.4342076078325709 0.1846153846153846
1.0 0.4372265056014281 0.08097165991902842
1.0 0.5861358840068853 0.7692307692307692
1.0 0.4796228837760218 0.06688963210702337
1.0 0.3984376112619367 0.0
1.0 0.7220737082516658 0.170940170940171
1.0 0.666825948800422 0.10989010989010983
1.0 0.43402696276313596 0.12474012474012466
1.0 0.46567072411936156 0.6652806652806653
1.0 0.5835589447528724 0.03944773175542409
1.0 0.11770476629124989 0.0
1.0 0.5224306080491831 0.25641025641025633
1.0 0.6403677131788978 0.23076923076923078
1.0 0.2587137701088092 0.0
1.0 0.49906907300594455 0.7100591715976331
1.0 0.760193123987607 0.6451612903225805
1.0 0.22114719923710774 0.0
1.0 0.6569028910151966 0.0
1.0 0.7506405843612565 0.1577909270216962
1.0 0.5520848758226518 0.0
1.0 0.47013599645925874 0.0
1.0 1.0 0.0
1.0 0.8421671484295963 0.5224963715529753
1.0 0.6428148142349561 0.600375234521576
1.0 0.7449970510384346 0.8424908424908425
1.0 0.45464753193215085 0.5128205128205129
1.0 0.6304874673974983 0.717948717948718
