T:1607232653.167296
~~~
T:1607232653.697911
1.0 0.31164272788334607 0.5128205128205129
1.0 0.1697382316363908 0.8717948717948717
1.0 0.48053980258806905 0.0
1.0 0.02709188047131685 0.3076923076923076
1.0 0.7090026554806896 0.8097165991902835
1.0 0.14205957252703286 0.1923076923076923
1.0 0.09179150744570716 0.728744939271255
1.0 0.4655534648086092 0.33936651583710403
1.0 0.38835649206358946 0.0
1.0 0.18197236180878304 0.7692307692307692
1.0 0.5321226784771199 0.34188034188034183
1.0 0.12371198707377716 0.0
1.0 0.48942545375876756 0.6676342525399129
1.0 0.7022880705556096 0.641025641025641
1.0 0.44206271254597074 0.6993006993006994
1.0 0.8533308182879099 0.0
1.0 0.45190802222708376 0.1923076923076923
1.0 0.6250660105718464 0.5128205128205129
1.0 0.2934804080266989 0.5494505494505494
1.0 0.20831455824696826 0.0
1.0 0.022955219709510963 0.0
1.0 0.5901437368921884 0.036630036630036666
1.0 0.6401637917091495 0.4142011834319527
1.0 0.267404341657161 0.5698005698005697
1.0 0.5699316972215843 0.6837606837606837
1.0 0.5539985713266699 0.0
1.0 0.5434071798377048 0.0
1.0 0.27352592013739313 0.1398601398601399
1.0 0.3544490358920687 0.9147609147609146
1.0 0.14110700139541046 0.8205128205128205
1.0 0.07068711516052945 0.39072039072039066
1.0 0.8023440352196418 0.34188034188034183
1.0 0.3367421131387093 0.1538461538461538
1.0 0.49108975344354705 0.1636661211129297
1.0 0.41218097468685483 0.5891980360065466
1.0 0.19245775456889422 1.0
1.0 0.5127332810927645 0.1809954751131222
1.0 0.5900991803305516 0.8304969366916268
1.0 0.29617706508973235 0.8602150537634408
1.0 0.4600480267843938 0.3846153846153846
1.0 0.5352168526393253 0.0
1.0 0.6930414733586752 0.4114490161001789
1.0 0.64308706417018 0.4567307692307692
1.0 0.44819122817756435 0.0
1.0 0.6571149918462518 0.22624434389140274
1.0 0.287563567547765 0.48582995951417
1.0 0.8032892322007029 0.3076923076923076
1.0 0.5019558268794163 0.605296343001261
1.0 0.7442795639166525 0.1183431952662721
1.0 0.5352327241384214 0.689655172413793
1.0 0.5187702878740525 0.8097165991902835
1.0 0.4254905642796202 0.0
1.0 0.18575408486726533 0.0
1.0 0.5844486806565614 0.7592407592407593
1.0 0.5251938666906523 0.37735849056603765
1.0 0.6684818767731803 0.0
1.0 0.42761127223364115 0.04158004158004149
1.0 0.4448907468064074 0.2511773940345368
1.0 0.3782640796707761 0.6672845227062093
1.0 0.5360158103283381 0.7058823529411765
1.0 0.5324062308733404 0.0
1.0 0.6813660380404052 0.8225437928408226
1.0 0.745957227711003 0.170940170940171
1.0 0.7581495096016092 0.5128205128205129
1.0 0.5903613986860079 0.8341056533827619
1.0 0.43628819590924367 0.5128205128205129
1.0 0.1870435200704885 0.2243589743589744
1.0 0.5934580174102924 0.39003250270855905
1.0 0.1891206127769529 0.0
1.0 0.19254443324390255 0.6043956043956045
1.0 0.7831697282621458 0.7692307692307692
1.0 0.6917701948783656 0.0
1.0 0.7616655426878216 0.0904977375565611
1.0 0.6040699416438589 0.5413105413105413
1.0 0.28179088118117407 0.4395604395604395
1.0 0.6193767548228356 0.20066889632107027
1.0 0.7602229753333423 0.7692307692307692
