T:1605620859.6
~~~
T:1605620860.25
1.0 0.806432812465 0.574052812859
1.0 0.849596573198 0.491452991453
1.0 0.814274580295 0.665280665281
1.0 0.970437750787 0.25641025641
1.0 0.536239831159 0.276134122288
1.0 0.597255268941 0.559440559441
1.0 0.805924203499 0.555555555556
1.0 0.633259935183 0.153846153846
1.0 0.584137948836 0.449704142012
1.0 0.742574941028 0.307692307692
1.0 0.774120847934 0.34188034188
1.0 0.213354531271 0.287179487179
1.0 0.72014967353 0.584869675779
1.0 0.252378924983 0.0
1.0 0.39291496372 0.0591715976331
1.0 0.692168907689 0.0
1.0 0.502460853795 0.557413600892
1.0 0.749606808927 0.769230769231
1.0 0.623235302632 0.0
1.0 0.634007374139 1.0
1.0 0.550583058952 0.384615384615
1.0 0.6541696279 0.615384615385
1.0 0.696984982426 0.573663624511
1.0 0.61187553805 0.14888337469
1.0 0.808211472079 0.778967867575
1.0 0.290350384505 0.498374864572
1.0 0.51663923939 0.85020242915
1.0 0.622381830274 0.478632478632
1.0 0.997227909263 0.43956043956
1.0 0.97793506247 0.961538461538
1.0 0.275277045207 0.143112701252
1.0 0.414576919655 0.9507346586
1.0 0.0826451117716 0.615384615385
1.0 0.421781633722 0.544090056285
1.0 0.573943668675 0.14888337469
1.0 0.400755057757 0.769230769231
1.0 0.274533045363 0.0
1.0 0.474344707474 0.0
1.0 0.330170243286 0.0
1.0 0.220613663249 0.650887573964
1.0 0.0399973146595 0.824175824176
1.0 0.644698096711 0.192307692308
1.0 0.494503841607 0.820512820513
1.0 0.19681298947 1.0
1.0 0.647918605254 0.710059171598
1.0 0.460595261621 0.25641025641
1.0 0.10902265155 0.512820512821
1.0 0.179840488089 0.851063829787
1.0 0.676652423629 0.688259109312
1.0 0.511512587922 0.512820512821
1.0 0.348131269626 0.0
1.0 0.258640919491 0.954907161804
1.0 0.170460666423 0.384615384615
1.0 0.666706764526 1.0
1.0 0.716244633059 0.0
1.0 0.445643681545 0.0
1.0 0.5088368802 0.586080586081
1.0 0.574712592305 0.673076923077
1.0 0.570413514806 0.699300699301
1.0 0.31637638162 0.0
1.0 0.614613186725 0.184615384615
1.0 0.0878822412258 0.679785330948
1.0 0.576104237442 0.0
1.0 0.417323120623 0.769230769231
1.0 0.444408045192 0.655737704918
1.0 0.646281621432 0.559440559441
1.0 0.52401827036 0.21978021978
1.0 0.13553401341 0.814479638009
1.0 0.22982498951 0.25641025641
1.0 0.372312823445 1.0
1.0 0.604810125689 1.0
1.0 0.679439780831 0.802675585284
1.0 0.427141928156 0.710059171598
1.0 0.120034455854 0.230769230769
1.0 0.623876552787 0.723981900452
1.0 0.317348949591 0.192307692308
1.0 0.703419387516 0.699300699301
