T:1607428109.60165
~~~
T:1607428110.2045708
1.0 0.7951798335591967 0.34188034188034183
1.0 0.8098562263752502 0.5405405405405405
1.0 0.7652819946719823 0.6993006993006994
1.0 0.6011658551654812 0.0
1.0 0.6562870510387703 0.0
1.0 0.8889471132815964 0.5982905982905982
1.0 0.5449056555600709 0.9049773755656109
1.0 1.0 0.3076923076923076
1.0 0.5205172767459864 0.9049773755656109
1.0 0.6826855763280565 0.5668016194331984
1.0 0.5155157578244425 0.0
1.0 0.8860995990169719 0.0
1.0 0.775642127776352 0.0
1.0 0.13938803605128258 0.0
1.0 0.7083621629011109 0.5305039787798409
1.0 0.5497460590912681 0.874811463046757
1.0 0.6445116434278367 0.0
1.0 0.7023113188330748 0.6593406593406593
1.0 0.8309117371311088 0.0
1.0 0.5219864551455863 1.0
1.0 0.6367905324623667 0.5698005698005697
1.0 0.5285918465884678 0.5128205128205129
1.0 0.16825702691181652 1.0
1.0 0.6548483372562478 0.41958041958041953
1.0 0.4063252541734487 0.3238866396761133
1.0 0.18099135423212287 0.5429864253393665
1.0 0.533615329767877 0.5405405405405405
1.0 0.6252986738506326 0.0
1.0 0.5909093262033968 0.3076923076923076
1.0 0.6831566475631219 0.6636500754147813
1.0 0.25114855311386514 0.3846153846153846
1.0 0.5902765507765075 0.86848635235732
1.0 0.21879481331572187 0.717948717948718
1.0 0.38708427704296583 0.25641025641025633
1.0 0.18797270613572775 0.0
1.0 0.3575439904543687 0.7692307692307692
1.0 0.20995134736330587 0.0
1.0 0.1735826357137782 0.21978021978021983
1.0 0.405306140229411 0.3846153846153846
1.0 0.40092293914651256 0.7977207977207978
1.0 0.6866985875943893 0.5016722408026756
1.0 0.7366280937609462 0.170940170940171
1.0 0.5814189199249888 0.547008547008547
1.0 0.40033939914674715 0.170940170940171
1.0 0.40162732664042866 0.5982905982905982
1.0 0.6547489789166163 0.6593406593406593
1.0 0.0 0.0
1.0 0.30174007902638184 0.0
1.0 0.7121768883585209 0.5835543766578248
1.0 0.46812876392174385 0.3076923076923076
1.0 0.605541725286116 0.0
1.0 0.537549260801969 0.1538461538461538
1.0 0.14394103534764813 0.05305039787798402
1.0 0.6026307786598557 0.7239819004524887
1.0 0.6812553184490779 0.79002079002079
1.0 0.11799192259785922 0.1183431952662721
1.0 0.6694721930195605 0.0
1.0 0.6875136225221878 0.0
1.0 0.5224251710783241 0.16194331983805665
1.0 0.5206012307208814 0.0
1.0 0.26166574017024874 0.12820512820512825
1.0 0.36860605865637713 0.25641025641025633
1.0 0.40352777414825636 0.7692307692307692
1.0 0.07555162572919613 0.641025641025641
1.0 0.6689806954120543 0.6293706293706293
1.0 0.5127024895601536 0.0
1.0 0.3551033778081346 0.0
1.0 0.39483328045759714 0.0
1.0 0.6792168856199365 0.25641025641025633
1.0 0.7612853977284957 0.1577909270216962
1.0 0.4272520511976611 0.8391608391608391
1.0 0.3876471028077395 0.4545454545454545
1.0 0.64998329075006 0.3076923076923076
1.0 0.5892029097097006 0.170940170940171
1.0 0.37076427893769576 0.0
1.0 0.5355899666057905 0.5917159763313609
1.0 0.6414930622619022 0.7337278106508875
