T:1607232643.5079832
~~~
T:1607232651.293668
0.3945361431108982 0.8537262805771628 0.6945054945054945
0.679633067840597 0.8856598634116428 0.6703296703296703
0.2820732977596644 0.7587152653892595 0.4909983633387889
0.6404761940894376 0.8098293875384128 0.15167930660888404
0.8460932533817146 0.7965809344737742 0.1424501424501424
1.0 0.8493668124616416 0.5536827050771274
1.0 0.7146991513419578 0.41958041958041953
0.3703190673286822 0.789323126621005 0.26817219477769927
0.22273380538055038 0.8141090453644815 0.5268703898840885
0.5806314626618624 0.7950472722977725 0.382608695652174
0.3709497111936078 0.8473456694610637 0.0
0.7031368659335432 0.7697011826550877 0.7584432827151273
0.6124277361305246 0.8635799360322252 0.20702252892226508
0.8557136342086153 0.6213878386375419 0.8964719491035279
0.4193233193717696 0.6379754695635931 0.8631103995342406
0.8178142461534615 0.6120246049753651 0.8769776322967812
0.8820693415271673 0.7678082787423308 0.04524886877828055
1.0 0.8283141065322134 0.8533094812164578
0.428207063490119 0.7691171132871564 0.5551572262624194
1.0 0.8844550012466481 0.35313441007391183
0.2872122133413667 0.8177246074047934 0.3525641025641025
0.7787364911322964 0.7562170932608198 0.0388780894196057
0.2255322733890984 0.8435763022715713 0.16765285996055218
0.3525572739385003 0.8281609362894282 0.418333523831295
0.9757232502086175 0.6373337136516641 0.9951923076923076
0.5633162923610917 0.768694804658152 0.4973474801061008
0.6010428792898307 0.8126052658883454 0.6634615384615384
0.3771444001759969 0.9650125149187012 0.08361204013377929
0.4504838991435526 0.9190743606348352 0.6284779050736498
0.37937262967997315 0.6379084774884287 0.956043956043956
0.6997975140005267 0.8268435125712428 0.6508875739644971
0.5659786087534169 0.7781150820517444 0.5414697034808766
0.35465600186684954 0.8140666341943806 0.030250648228176306
1.0 0.8094203212145484 0.6937062937062937
0.9127404581546273 0.8405726116104839 0.3609293931874577
0.8933295250632313 0.7982614705847737 0.5871423262727611
0.8626918034373187 0.6178901996614189 0.9704142011834319
0.48819139208652795 0.872869789752315 0.5556140166263285
0.514106455454754 0.7292942075243571 0.45028142589118203
0.5839818658033241 0.8316061257917572 0.22592791823561056
0.3491540260569791 0.8970244933153017 0.3032004491858506
0.5694830667767414 0.8457105687405612 0.505388331475288
0.5177334243342921 0.7866203169274577 0.25641025641025633
0.47250458413834945 0.7956226406148987 0.324955572480325
0.45963551970153443 0.9703856105543325 0.3672456575682383
0.47890399926131205 0.6431917820078668 0.5955334987593052
1.0 0.8162831609394408 0.5002359603586597
0.6274546602361086 0.769657888872459 0.4796380090497737
0.6030965996130164 0.7600092544505808 0.01314924391847464
1.0 0.9263584134957138 0.12443438914027156
0.40299774497259777 0.7814073183120076 0.17253774263120059
0.6842803688007248 0.852996089978163 0.5356586733104951
0.3046262744342984 0.859816424720768 0.7084749253423951
0.2828318631760014 0.7887655652791762 0.5392545598731165
0.3173637223235186 0.7720539500880832 0.11936339522546417
0.37192836997758544 0.880277479370925 0.36437246963562747
0.3972911050181875 0.8094055824245279 0.2892833662064431
0.3698123306617227 0.8616447784925354 0.55043758636573
0.3113888024344708 0.9021122640729664 0.5676090291474906
0.5690478143754641 0.8718776667635607 0.0
1.0 0.7547409957399509 0.39693402682726525
0.414030649297981 0.7845241224905861 0.23342175066312992
1.0 0.7841948074179135 0.1898101898101898
0.2692259459522429 0.6183559647057697 0.9952194697957409
0.8137861022761278 0.846836882719476 0.3459262630860264
0.4629201209058793 0.7479567573175682 0.10101010101010098
0.8190768514488318 0.7962047309418481 0.3320908166723145
1.0 0.9159852357165302 0.463720676486634
0.7436401242415887 0.8274775248268179 0.7078215901745314
0.8748608789761684 0.8742830245113756 0.4118930714675395
0.6010942319280485 0.8053936621037001 0.7140538786108406
0.2728197097955273 0.7835441810298288 0.5259026687598116
1.0 0.7868238796317238 0.1923076923076923
1.0 0.7783822989328033 0.0355029585798817
0.43554329063711966 0.7666719402089726 0.02958579881656811
0.7880275558683887 0.8223111120190136 0.6419479800774764
0.4340683461113911 0.8330648506288733 0.7170795306388527
