T:1605620850.01
~~~
T:1605620856.9
0.954378181357 0.784429315297 0.525561395127
0.989747669992 0.888137569649 0.892167193537
1.0 0.854323304835 0.31525851198
0.815081906073 0.729776084904 0.158159597412
1.0 0.773054317673 0.0896191187453
0.641943172886 0.773335010189 0.0338123415046
1.0 0.810322255315 0.845289541919
0.772193307812 0.880428862508 0.636363636364
0.462595681583 0.830017382291 0.575307045895
0.730375520329 0.762852503707 0.667514303878
0.378146740861 0.884378593387 0.708502024291
0.809024487516 0.75614549759 0.319792566984
1.0 0.814994684036 0.410256410256
0.439922077737 0.813364063628 0.44763811992
0.833806239743 0.629803307386 0.989472324485
0.467307305282 0.8455934766 0.732330400227
1.0 0.886118739927 0.29106029106
0.516007447614 0.819040769984 0.136476426799
1.0 0.818024302676 0.604939614841
0.868210463232 0.819524989965 0.202742993441
1.0 0.754900191507 0.232708468003
0.568560532237 0.848114782722 0.0448095593727
0.340183481974 0.911138142635 0.701357466063
0.504917034645 0.895458874234 0.372720063442
0.412241853276 0.796249439583 0.335985853227
0.603537120025 0.789997915169 0.382536382536
0.728522674512 0.857795464672 0.601920601921
1.0 0.797922490944 0.366785532348
1.0 0.63240337499 0.988052087529
0.686237725041 0.785948236861 0.703823122985
0.646671288998 0.727333607697 0.724852071006
0.377345423229 0.773213380654 0.078431372549
0.711169510542 0.896214618306 0.534412955466
1.0 0.774898803706 0.424403183024
0.711745554275 0.838796603134 0.555848261328
0.818226128956 0.800194301467 0.262901655307
1.0 0.917601847341 0.617566830333
0.699659866719 0.840430839303 0.340177750536
0.230144063785 0.896924848071 0.6200643463
1.0 0.834064030834 0.0232396002789
0.720856123761 0.786771156108 0.299734748011
0.938492417807 0.832356910538 0.254057868737
0.620168186151 0.877106948512 0.0789919127327
1.0 0.824841455273 0.574162679426
0.971848573336 0.748849272746 0.157598499062
0.91446267399 0.886369509983 0.57720381808
0.874157005678 0.804743212869 0.167295391176
0.422613679945 0.843644925675 0.0678733031674
0.553349048112 0.895159109627 0.0846859562456
0.604841145977 0.630379003409 0.0
0.806491118477 0.860613705923 0.01386001386
0.336143495622 0.767511312921 0.592686002522
0.467590974817 0.822977021746 0.0555555555556
0.363762362847 0.806572584084 0.335228973361
0.716465271387 0.895104053024 0.371609067261
0.401971784727 0.875501472246 0.0648228176318
0.552562133706 0.709387429248 0.724202626642
0.525375366401 0.792168057643 0.32634032634
0.962082957665 0.883626993514 0.789835164835
0.326087110396 0.955094085586 0.14245014245
0.563840449902 0.635495241312 1.0
0.781068257265 0.794605559114 0.733394449537
0.228175596957 0.783344417575 0.0218221494817
0.673574056213 0.814360340024 0.2634766808
0.521232252929 0.792643654433 0.187617260788
1.0 0.798882092964 0.814947326575
0.492547083814 0.77539521683 0.669793621013
0.758099775689 0.755379267198 0.433333333333
1.0 0.740761936715 0.525120635822
0.324456633731 0.796906930734 0.653120464441
0.913527887871 0.597877104807 0.903540903541
0.662478151901 0.891621828668 0.545661235316
0.425955625777 0.910495465823 0.580631489722
0.469275103379 0.812463292908 0.0999565406345
0.506015377346 0.782410086621 0.67811459611
1.0 0.902102293051 0.0
1.0 0.65639870247 0.898544299121
