T:1607578717.745883
~~~
T:1607578728.038091
1.0 0.8116072064180112 0.7300864815657716
0.6287419917905505 0.7691594729430694 0.1881571665744328
0.556371363729439 0.8865419109029522 0.022541561003099383
0.5463738519721918 0.7221947655662306 0.6333520494104435
0.4695568847897999 0.7444189076938549 0.5231805231805232
0.6119097885607175 0.7817645293341579 0.0
0.6501034228879423 0.8544092496200935 0.3735473159933592
0.51450034324492 0.8551020740269247 0.49169580419580416
0.5951576845296168 0.7816240614315872 0.32752403846153844
0.5329716779500292 0.7817486832637509 0.6680161943319838
1.0 0.7712255666723089 0.3971119133574007
0.9136600405257295 0.6771446859525302 0.9124557450917283
0.5884360384022177 0.9028448034604273 0.5493002209828475
0.5678753865963335 0.8924250216277397 0.736008177868643
0.9369273931962075 0.6385463234707026 0.8904428904428905
0.7990404540997809 0.958831691767261 0.0
1.0 0.7143480991417998 0.5520361990950226
0.3885699485515913 0.8066526978689543 0.11363636363636362
0.7266989416471374 0.831264500140284 0.40566398775354
0.9475865316047046 0.9212808971715083 0.7539226942212017
0.6876682361575266 0.6724495413601053 0.8912858359352823
0.8270609392178291 0.8474981114117329 0.334096726390947
0.3275899117921537 0.8470239696467796 0.3023566029346376
0.7873758872448495 0.8926540328978874 0.0
0.43905408430433174 0.7890497108320733 0.29215229215229216
0.2763721757138517 0.7758421935424766 0.38233955393718716
0.3002121644541377 0.8189782040981277 0.46987495263357326
0.5381424958648963 0.8233492510559284 0.18065268065268067
0.2804580577692848 0.7769772954589813 0.1940401940401941
0.3604480502352006 0.755231193818803 0.48532910388580486
0.41459826089903606 0.8478861485998738 0.30250648228176324
0.43557851758937705 0.9494539283088722 0.22893772893772896
0.8906644047352672 0.8006756243184391 0.28910686628807425
0.27884938043146246 0.7363127714812338 0.31290743155149936
0.24235127372510634 0.7410823289273275 0.8002254156100309
0.2801549800205493 0.8755421359214938 0.09702009702009705
1.0 0.8721506466524153 0.06372325898953116
0.35725105536063656 0.804250558104043 0.8111313147284369
0.6675942532798511 0.6987194623860865 0.7417582417582417
0.6503614949194585 0.8579934913568394 0.525103638876094
0.3534103573030127 0.8317113462783146 0.8948820104198589
0.5567229234755934 0.8787062687214207 0.20422055820285906
0.3969319639680356 0.7823448123152599 0.5248868778280543
0.3222494899043152 0.7949097368764997 0.04780530204259016
1.0 0.6361902746880469 0.6987352270371138
0.7554976361288754 0.7519008227021454 0.7379612257661037
0.38381174975049626 0.8050965690840981 0.08316008316008316
0.6626989925894579 0.8033588627190138 0.5105105105105106
0.4754545845767584 0.8432658715063545 0.36963036963036966
1.0 0.7915942134343819 0.07046388725778033
0.9031565127399521 0.6457075402956439 0.7088989441930619
0.6468286636756103 0.8006832980413724 0.2662721893491125
0.2893460679642168 0.6438847455667438 0.20860495436766618
0.330363091783498 0.6572456641999047 1.0
0.7938555935823945 0.8929805072625483 0.027720027720027778
0.4718618170413382 0.7783415062365779 0.6222762744501874
0.3752838465483748 0.8648207919678625 0.4601648351648352
0.647455411093617 0.8270610805539254 0.5242914979757085
0.7587064153386264 0.7994496923748494 0.7446075051708855
0.29560364716212145 0.7682645339157738 0.27972027972027963
0.7424098989693947 0.7828129203558386 0.7242281527995813
0.6228291302639649 0.6245225905285133 0.7614781634938409
1.0 0.8104201055481204 0.017286084701815082
0.5619661636964204 0.8418022004650891 0.41935483870967744
0.26594911270630067 0.8027231838080734 0.4582651391162029
1.0 0.6990288700330259 0.10755202244563952
0.5578694615555226 0.7002065929701684 0.07912087912087905
0.9874238647748041 0.7582884067310711 0.01660210293303825
1.0 0.7513702142933216 0.7253886010362695
0.23952935036338913 0.8261563237451219 0.6046355391333558
0.35908402567876974 0.7897305091205203 0.3988603988603989
0.9239772969530471 0.8800063931281112 0.1861608710923779
0.6278719437544327 0.9015405129082372 0.4934210526315789
0.4979350733764322 0.7699078494569876 0.7739116866905913
0.4648392874803841 0.8881826455165751 0.47095761381475665
1.0 0.8238646425517958 0.09380863039399633
0.5651549708551209 0.8296522320253769 0.49737900768011706
0.6905139520065171 0.8586969166953143 0.36768263183357514
