T:1607236254.8805969
~~~
T:1607236262.6290581
0.18658020257595298 0.7301898976188232 0.0
0.301104431913968 0.8649099802259586 0.48780487804878037
0.3837631177117749 0.8608197058626391 0.516406670252824
0.3223099311483771 0.9042816128367073 0.7555294578195342
0.5168725105764571 0.8742346369138094 0.079185520361991
0.3427087631719637 0.9109774096189897 0.019474196689386495
0.3974669093367029 0.752419953189468 0.1306240928882438
0.5422208053361561 0.799324618909242 0.5656108597285068
0.251843819493956 0.8403205015547157 0.03557136505113382
0.4557011554153463 0.8042364725526258 0.06410256410256404
0.3973687969804979 0.8581773434555277 0.4774535809018567
0.557852768309853 0.8394145244053959 0.03944773175542409
0.34837484548450304 0.774206168510958 0.06888633754305398
0.25211385015717486 0.737184277943813 0.24563671622495148
0.4822717654210101 0.7757995886095166 0.10002381519409378
0.2677524637324239 0.8767250337425916 0.4571843251088534
0.41969270986940455 0.8248765562624185 0.5366726296958855
0.2708818805168694 0.7481128835174431 0.7662141779788838
0.42431122820025585 0.8020624396922149 0.60641513112996
0.2736068509607497 0.8201613504715928 0.4114847228619683
0.27659629441907424 0.8441416088398493 0.25448235974551764
0.31412596299797707 0.923881478224693 0.019980019980019987
0.36148820167244466 0.8183851758470778 0.764033264033264
0.4039592375748655 0.9501166807710328 0.8115737473535639
0.3304619482083431 0.7978488451890122 0.6620506497201936
0.348095142157852 0.7623940924715155 0.17228351216563392
0.2203043327298156 0.8731249691018405 0.022459292532285204
0.4526980757157761 0.8098191837034958 0.5671747607231478
0.2433172379942825 0.8559977981746716 0.49816849816849806
0.5835061856836883 0.8311206311831342 0.44562334217506633
0.5399198800897768 0.8549107221020164 0.49366953931269275
0.5482280360297902 0.912468860157463 0.3605769230769231
0.6838629728077276 0.8781304060466131 0.11655011655011661
0.2823803275660838 0.8055831648814249 0.5094905094905096
0.5804556732555329 0.8777323473550559 0.0441663599558337
1.0 0.8132242640835798 0.043336944745395393
0.5629680642181728 0.6326333418156229 0.9463869463869464
0.7744413475334568 0.8299120573508498 0.005740528128587761
0.3814478499253625 0.7408836059996807 0.17751479289940833
0.4756965712491636 0.6879360680340122 0.6352851128970531
0.3469652046500501 0.7961617358774079 0.7159177456207159
1.0 0.7670855001855044 0.5013222950442681
0.47877001680681475 0.879528647365258 0.46917621385706487
0.6166307912357747 0.7741344910215908 0.7254202750891493
1.0 0.8120763260203934 0.2400676246830093
0.6088001737604303 0.9136870844823245 0.0
0.267873706079464 0.8003781863408341 0.5738705738705738
0.894650259419441 0.8433638464009381 0.37606837606837606
0.5228563654916419 0.8684690574623384 0.7418668288233505
0.48903310904908304 0.8257945424614114 0.10033444816053505
0.6078524005200316 0.6733861925316429 0.9005628517823641
0.7681513407421846 0.7872656438345245 0.0854700854700855
0.6455531800230183 0.8199374738805132 0.8708272859216255
0.6507178149356858 0.8156231709599254 0.29923564807285735
0.3277856163099892 0.6073269909969692 0.7434670592565329
0.7482019908675853 0.9259873638540709 0.10733452593917713
1.0 0.8286580301253671 0.32347140039447736
0.40089017421049394 0.8039964685597271 0.5155054369714056
0.37477452801674865 0.8799823598679493 0.6130711393869289
1.0 0.7515419064597739 0.6974358974358975
0.6275086474170947 0.9284420559320453 0.0
0.5917272904212056 0.8327618996665183 0.4289940828402367
0.6854493615180538 0.8091435171100335 0.25686569203443094
1.0 0.6760657310540961 0.688963210702341
0.40376304751281056 0.7610199756896666 0.4573804573804573
0.8678560466484606 0.7968739678773515 0.26666666666666666
1.0 0.9631314325220155 0.0
0.5780212759461137 0.9178475913113306 0.4582651391162029
0.6713933549053481 0.9512134309971441 0.5634422801804776
0.6513296877495653 0.6425666497954465 0.853882959146117
0.5061094712169097 0.868370462793179 0.18394648829431434
0.6468578685503591 0.859033911672576 0.050031269543464596
0.9687475552462472 0.916635700722399 0.33357296908698786
0.5704566995727407 0.8358124524778949 0.8560311284046692
0.7676273229823385 0.7618767248189368 0.014378145219266716
1.0 0.742709362564066 0.41685410106462745
0.6699002413476282 0.8327078592669692 0.34717494894486045
