T:1607427768.833753
~~~
T:1607427777.894096
0.4851058023096811 0.8112720264581358 0.21466905187835425
0.6871908531275935 0.7795739990786758 0.4094292803970223
0.8678975023396587 0.8199162184088855 0.4659340659340659
0.3783667093129419 0.7998893566761145 0.7554376657824934
0.6346913114765703 0.9412870561955586 0.46533713200379867
0.5429937117766644 0.9348904474898663 0.5544824451766844
0.6173113583902016 0.8427070519674202 0.28918449971081556
0.4119719421168739 0.60919544216299 0.9199845380749904
0.35173603192977715 0.7729734811423586 0.04383081306158225
0.5873201218487503 0.824200840564833 0.33088235294117646
0.22752667584156855 0.7692412086910019 0.08168822328114358
0.42165574625131985 0.8841101173922953 0.3496503496503497
0.772019968590224 0.6369721423746628 1.0
0.27279099982268357 0.6464590064997513 0.7594259737944559
0.5355326508980844 0.6365255003575124 0.6472325670990111
0.42702798641804407 0.7942460049202218 0.4085180356366797
1.0 0.7893369616075099 0.07282658170232137
0.5146267856858338 0.7528563617203269 0.8476590350946684
0.6347056656602735 0.8029401292913665 0.03619909502262447
1.0 0.7555049794929476 0.19536019536019533
0.6017385847472 0.8371943512129101 0.7435897435897435
0.31915409413760765 0.9000449734171937 0.7068607068607068
0.7450924129561604 0.8391591090428647 0.22777222777222783
0.24955123970964788 0.8842461391623988 0.5676461739043225
0.31107873700446403 0.837199338547729 0.3276642221875487
0.6890495874111904 0.751594698897365 0.00536049316537117
0.46379574118995764 0.8043147467732931 0.00545553737043091
0.4468682468805155 0.780689005867721 0.22821168601219752
1.0 0.7708019573978351 0.4545454545454545
1.0 0.8799011600734575 0.3851785110935916
0.31581849222055414 0.7739083554737697 0.8054298642533937
0.2146815854701934 0.7819735865658597 0.23852116875372698
0.23604871001125713 0.6683417224692814 0.62015503875969
0.5712465072690391 0.9229999399349145 0.26406429391504027
0.35784317859380493 0.8895400199300814 0.10395010395010391
0.5782026916776228 0.6640156723658822 0.7583196944899072
0.4995371994127432 0.7626792946338029 0.4074844074844074
0.5075153151298187 0.9103620920677783 0.1398601398601399
0.6031518084763763 0.8338630392282766 0.39039424682162577
0.300772175764075 0.853007255974543 0.0
0.8024795553597068 0.8419131038100683 0.2159827213822895
0.39495154918682757 0.876290498488612 0.4158004158004158
0.44203429737175864 0.7367771432315504 0.9116809116809116
1.0 0.8248904825602486 0.33797485467081245
0.6082823759118433 0.7084092279259278 0.10188487009679063
0.5374179814325132 0.8036773748365598 0.0
0.558630986642765 0.8443407705298973 0.024420024420024503
0.7906088544640114 0.7962879225591002 0.11579818031430941
0.3370644691133521 0.7692315927820634 0.34507548526240117
0.218186684006017 0.7572073833209098 0.32200357781753136
0.37155492836267084 0.6953284613697374 0.9668930909981028
0.23562385897400137 0.8201734637811119 0.04120879120879123
0.6336583433369024 0.8600377667868053 0.5967119951288817
0.41519726971852206 0.6358305755659427 0.8042346111158543
0.6938457210986765 0.8021342661231088 0.3652282676672921
0.735516093931206 0.8121268086945114 0.5488983378430614
0.48206397285214697 0.8179353790173925 0.1408450704225352
0.6264168017921338 0.7807798798751266 0.059746079163554865
0.47415879317832865 0.8343093991860671 0.46633901017259116
1.0 0.8336645531161235 0.21367521367521358
0.9206288389451017 0.8253763624800742 0.1699716713881019
1.0 0.8206055266603788 0.6292688388758257
0.8055087108201725 0.8346211550108447 0.7762237762237761
0.2956332513164287 0.8590981247026489 0.23889154323936926
0.27800863598073045 0.8573112190413035 0.4280936454849497
0.5315166396036491 0.840373771725736 0.7165437302423603
0.5190412985263682 0.9163095330725637 0.6222311719693918
0.6800523664409645 0.8395193830135683 0.31311637080867855
0.3430268834816065 0.7993737464372508 0.6308659893565554
0.5751204480108626 0.8959095655117391 0.7879924953095685
0.3495822853675839 0.8841539672032286 0.5483098216662231
0.7490734876862902 0.8555040126046687 0.09779951100244492
0.4447343569646053 0.7493390051009156 0.4476670870113494
0.35303528165696524 0.7551330362852413 0.3496503496503497
0.3380693757224628 0.8498925794533194 0.19639934533551548
0.22812991254820536 0.7681262237852426 0.6673691605198455
0.9747469527490938 0.6765293429787962 0.5991368367605991
