T:1607232911.623796
~~~
T:1607232921.117026
0.4777614946876441 0.8736357744828172 0.007930214115781098
0.4861489283441527 0.6451204593205468 0.8978075065031588
0.34625632066289713 0.9093864347599019 0.45148175885310793
0.5229728912938066 0.8762873842014162 0.42440318302387264
0.4773933679066644 0.749526457293859 0.33238366571699896
0.36122167929889293 0.8734744691440958 0.21875560337098793
0.41337059951357447 0.8092936178425865 0.03397233681145349
0.9535175389684699 0.8029085348136378 0.779768177028451
0.281458772557291 0.8362898971693676 0.644216691068814
0.34161295264411395 0.6595581513075484 0.9577922077922078
0.5044969026940664 0.691603106689118 0.7413312076524512
1.0 0.7360881584642118 0.5749805749805749
0.540557037735169 0.7573805794358592 0.11734028683181227
0.31362111776078017 0.6819529376737404 0.851063829787234
0.29546267820231575 0.9465565673586102 0.36664270309130115
0.3772382972597172 0.6340586622448806 0.9594842298211238
0.2703397770864381 0.871362835819067 0.030769230769230795
0.428514932915427 0.8141664271815086 0.1556997219647822
0.39307779650106894 0.6474949271292484 1.0
0.33872640698818957 0.853776532563795 0.3280116110304789
0.9358131647727569 0.8531414876137638 0.2448304383788255
0.4639675398458821 0.7570440960675495 0.5094905094905096
1.0 0.8081724947830184 0.0493624023035788
0.5951672307252335 0.8191547172519662 0.2186645841468176
0.3570817942534646 0.7167479636176641 0.043336944745395393
0.2865875903334116 0.8623006711644556 0.3502747252747252
0.19439737548095096 0.7928758546972159 0.0
0.8954817826238203 0.8482207127125451 0.01022233580373122
0.3291708133078259 0.8330858662621456 0.6669289789494393
1.0 0.7972214484577185 0.4774535809018567
0.3830997500166326 0.8735535400216106 0.3263403263403264
0.9679717500745934 0.6970515579367762 0.7457916045173664
0.925287813633571 0.8166514238340858 0.0
0.42779187119589884 0.6693775158587707 0.8456329223823579
1.0 0.9082067969980055 0.5815632089090534
0.4967875904998523 0.8191679179767166 0.7145069695405265
0.7353578565501578 0.8151570099560768 0.6438417074255225
0.4503313863572645 0.8569578313525955 0.533751962323391
0.28080741255028246 0.8899937120248456 0.1696832579185521
0.2860249680745486 0.9477792214117318 0.0
0.9112751545213896 0.8715739279652367 0.47030689517736146
1.0 0.7625575162185074 0.06531204644412199
0.881318171689065 0.8367355658140803 0.34285714285714286
0.18940070651857369 0.7471212338681752 0.05016722408026761
0.7601383927820887 0.7981824478138313 0.5351170568561873
1.0 1.0 0.20892687559354234
0.6622559844831425 0.7869482692617693 0.08117510630073436
0.8643856288102977 0.7422265578978793 0.6020066889632106
1.0 0.6808635686602288 0.7258382642998027
1.0 0.7690990891273828 0.09702009702009705
1.0 0.7637892598277716 0.6013160880417517
1.0 0.8131272489409131 0.4886877828054298
1.0 0.8737234885274816 0.553349875930521
0.9845702445829884 0.7701378671120777 0.035412158174306436
1.0 0.9011133939292469 0.4297378599054577
0.5082152644000453 0.6839796519472258 0.7961934972244249
0.6817648001717038 0.8048978343067769 0.04354136429608126
0.7580773862186989 0.8712558632769309 0.42175066312997356
0.31686002331295227 0.6030910732093016 0.9389464403791051
1.0 0.8788459049155507 0.13262599469496014
0.7419387344260626 0.7407687644336179 0.23351648351648352
0.889670246261859 0.8047041334444582 0.803563143732022
0.6908002928032168 0.7915664950317256 0.17381656804733733
0.8038574521490364 0.8316553225089862 0.4520222045995241
0.3003108415772692 0.7011213789125703 0.698068451372416
0.8836728276083168 0.9173848394036486 0.33238366571699896
0.6616590751551469 0.7840283113092545 0.3223126765243396
0.5187658406967971 0.6939028403708695 0.9444609444609444
0.5279298353317909 0.854354295651687 0.32783046481676614
0.9400366568750403 0.7537528760245821 0.354090354090354
0.34906543273125307 0.6133054306309016 0.5706721576702457
0.8109568393561846 0.7203242694253127 0.27554535017221576
0.7320103698590824 0.9098648089209062 0.01469867711905928
0.8915636113949843 0.8293289205017184 0.79734219269103
0.9671530688211772 0.822544643411519 0.726153846153846
0.5713332900683518 0.8327979553338092 0.18229526308520919
1.0 0.8063338432163067 0.5744470122152525
