T:1607427393.187031
~~~
T:1607427404.151963
0.5333900446871047 0.8187335523522568 0.8644325971058645
0.8358820203190506 0.7997987254414065 0.801894496162012
0.5974648081844874 0.7352028871599191 0.5884334643458731
0.45195942184655336 0.8885209081777478 0.46082949308755766
0.5798148623614884 0.7651235633823265 0.2942219071251329
0.7672040903276123 0.6237419349813799 0.8661091330628468
0.32575953318051787 0.8219052247719153 0.6654827553977007
0.7508865194441066 0.8811495124383535 0.5611601513240858
0.41157666281313177 0.8043352535754832 0.2153846153846154
0.39083819510659584 0.842894703251428 0.5910931174089068
0.941499542950367 0.8490798536789126 0.5670053217223029
0.6197311848480964 0.6630021612932886 0.662122687439143
0.4605208852181196 0.9552418344498531 0.7219973009446694
0.3491602938659641 0.7002122357723121 0.6926722566532992
0.5279132335484233 0.7258208343008354 0.6868849166499297
0.7929587842630891 0.7927531825458595 0.5939177101967799
0.36480279334264915 0.8757440921968391 0.5522682445759368
0.8468326948692229 0.816815990852966 0.8176438945669714
0.28288050914321744 0.804287266073134 0.11583710407239822
0.5424486758362037 0.8886308271852419 0.6035502958579883
0.38586931943761693 0.6421345971784692 0.7616892911010558
0.33367034454808464 0.8087465042495703 0.8445171849427169
0.580419363621716 0.8437418508290679 0.36734693877551017
0.7749268509186568 0.860140980260804 0.37974683544303794
0.3672364276227464 0.7986245021321935 0.39702233250620345
1.0 0.7730144541244668 0.2629590448843887
0.39673160433485055 0.7620654358019957 0.28846153846153844
0.35014686019329067 0.6563246670904035 0.9926739926739925
0.6605691104005137 0.7409194300555 0.5641854107120665
1.0 0.8105543116486779 0.6561339894673227
0.6995099887322141 0.6163084084402493 0.8126232741617357
0.5446210926134764 0.8191306575865795 0.0
0.23527090025077463 0.7687406867046516 0.446927374301676
0.5847972426519724 0.781215411071968 0.30608135320177204
0.4688466575324152 0.8776904417218235 0.3103913630229419
0.47390384522472173 0.8775313499225227 0.7171314741035857
0.2390159741685473 0.8203040543493071 0.010758472296933812
1.0 0.8059816539455555 0.7322948450297092
0.8478309618809565 0.8887484991211284 0.3108974358974358
0.8005665239470594 0.8484078590953935 0.273330730183522
0.6218796013738875 0.8574042203332916 0.7193732193732193
0.3821714841978279 0.8488902606539206 0.5692553060974113
0.4922996828599535 0.7368516734782308 0.03536693191865601
0.6886454382283427 0.8509785836631976 0.5508072174738842
1.0 0.9179429486108629 0.5690200210748156
0.6197171976076119 0.8201841396854745 0.3544494720965308
0.37810057698406413 0.8124531111195485 0.0
1.0 0.8583341019394563 0.7868467410452145
0.42695446576667956 0.7584890283191931 0.7639620653319283
1.0 0.7818950999580382 0.5428350913300746
0.24151159217839857 0.8014608002286467 0.5459057071960298
0.6290362636859183 0.9342441372973392 0.10989010989010983
0.35202495579701293 0.7315205499195435 0.0
0.525076762167326 0.8988098640655585 0.6495726495726496
0.7886394174577338 0.710178234681717 0.6079189441407812
1.0 0.7597763831200276 0.06993006993006987
0.8222735751765013 0.7903630338905772 0.433048433048433
0.7067259601399236 0.7062383711145135 0.6795914112987282
0.716988534174147 0.899498451477445 0.5081885856079404
0.6570706958093052 0.7366972914371245 0.6148826703475969
0.4877995768354626 0.8120186216448281 0.18369690011481057
0.2708391669407884 0.9242369686287668 0.12820512820512825
0.5513338572855008 0.8085505910857895 0.0802265219443134
0.7215836541635094 0.9542686828216794 0.3904724716907458
1.0 0.7982678035644937 0.6801619433198381
0.7825616710316041 0.8305616725077836 0.13037809647979137
0.7485301907822041 0.6984714647679845 0.8256880733944953
0.49689614309406194 0.7503251756159681 0.16346153846153838
0.6491631080023911 0.8899302766755414 0.0
0.5241740257026487 0.7465346728172343 0.45764362220058424
0.4615123558025558 0.8875320519379417 0.2451217545557168
0.3574981716950675 0.7990746243175983 0.04909983633387887
1.0 0.9410347062196488 0.41103934233705225
0.2431683615335021 0.8555943780754203 0.476923076923077
0.9786166993536776 0.8275523344187943 0.24337244676227723
0.3073092995992549 0.7289937466551432 0.17889087656529515
0.38802830343661676 0.8599611693790694 0.3580067731011126
