T:1607232653.701757
~~~
T:1607232660.563966
0.5422526064343804 0.7914472422930432 0.5895642818719742
0.3793880819249987 0.8199872592594376 0.5170412577819984
0.6887094830300173 0.8185296654306287 0.6357927786499215
0.41096380408729355 0.7000139662639249 0.7813446396123561
0.40139594818163216 0.6653138511037573 0.8950169327527817
0.2713778244708516 0.7294711440478435 0.4929876753081172
0.3956779776991801 0.7897891855134181 0.0
0.3749055744945639 0.8174798729606787 0.19970414201183428
0.47586151084954315 0.7328641889412174 0.01278499893458347
1.0 0.7947555783209157 0.23440079234070646
0.506706703664795 0.776964418884339 0.04884004884004883
1.0 0.7987668897100589 0.01883830455259032
0.3027376823446378 0.8145571002915851 0.23076923076923078
1.0 0.8008703766466074 0.5689900426742531
0.6903100380174263 0.6930044684171643 0.2649006622516556
0.4612676606963357 0.8495718104071266 0.25641025641025633
0.6664160812450083 0.8708414846242898 0.292590844738084
0.49724495105234817 0.798669954437886 0.3985025963047941
0.8278894044584467 0.8027412116240783 0.5894488653109343
0.7884536116832349 0.8854533993053718 0.654970760233918
0.4691741063593336 0.8381684544233168 0.6046261430876816
0.680034490254316 0.7848012462237656 0.0
0.7886964641797846 0.7350416756746608 0.8134394341290893
0.7169660542419068 0.8207588032180313 0.3751686909581646
0.7119528883383666 0.8473640049481959 0.37296037296037293
0.7782936926756465 0.7212701672164582 0.0766974960523347
0.6774093036306339 0.904625443038518 0.6635071090047393
1.0 0.8264090688682701 0.13538461538461533
0.6133586054301923 0.8163489275008051 0.7226671633451295
0.689525526213626 0.8120861383817175 0.21242355970389437
0.6340005320804101 0.9007682980527023 0.7082728592162554
0.6406910941633361 0.8515413796877308 0.6101914962674457
0.48874444766646274 0.8966298179387358 0.05698005698005706
0.7325109024150254 0.7753215054459822 0.392156862745098
0.5709331790225967 0.7918070770835376 0.6296484971981661
0.4022450026275055 0.9197772052095856 0.5907692307692307
0.2686175513801229 0.8206607225395149 0.4158004158004158
0.6952084685958237 0.830188149667001 0.664928292046936
1.0 0.8126663456627892 0.23910649677520834
0.4154342854176585 0.8598135576626708 0.11133603238866388
0.5823607178234437 0.8242745518534088 0.5752508361204013
0.4711487113638516 0.864658383988337 0.1348888078745898
0.721804358473266 0.8502745336087453 0.1134930643127364
0.33226032907343966 0.7050524105017136 0.7042253521126759
0.3113581688782326 0.7595877218505412 0.3685897435897436
0.5224448769837133 0.7111793793514153 0.4965404965404966
1.0 0.7988028978220618 0.32002348796241925
1.0 0.80805988165959 0.01333926189417514
0.7637062281245703 0.6665536019855332 0.6444906444906445
0.7926339068804686 0.8660356009704631 0.40902493732682405
0.7317513278661095 0.8007439760321503 0.11217948717948711
0.7342480087625405 0.8479119984384668 0.11213276519398971
0.9151970522858209 0.8058348374131369 0.2665051483949122
0.27301443334353204 0.8444493040865529 0.8112787534009399
1.0 0.8632433025237891 0.10749076251259665
0.35819732102239865 0.8746185636331244 0.6246385193753614
1.0 0.7885615013413604 0.4408115603561523
1.0 0.7167066454670529 0.13838013838013846
0.6031049163651512 0.8999864741312219 0.34335906308224645
1.0 0.789668561217917 0.19801980198019803
0.8835492043511723 0.8814669206554829 0.6698564593301436
0.412202309051147 0.8572623126026941 0.807061790668348
0.7080215017147864 0.8466305316155608 0.6098406098406097
1.0 0.7364790159237256 0.02675585284280938
0.7985910052988701 0.6862764052579515 0.27530364372469635
0.6122994795658542 0.7341702143369898 0.133252574197456
0.7506069512498372 0.8414787239024426 0.3212172442941674
0.42361735237144976 0.7903333509332586 0.34188034188034183
1.0 0.8569663500027722 0.016542597187758464
0.35813963428008017 0.8519941177907614 0.30245746691871456
0.5764804457227138 0.8756606141382275 0.0
0.5434053219518893 0.8775933606827796 0.5499814195466369
0.6583689461609432 0.7739401427293712 0.1424501424501424
0.4504605597653912 0.6305679722561761 0.8883374689826302
0.9587990649656354 0.7507257524506301 0.282972841112376
0.8667997291758675 0.7792939298479621 0.24975024975024973
1.0 0.7587484406099501 0.7633587786259542
