T:1607427430.9434009
~~~
T:1607427437.284034
0.32075084169646345 0.9078805400102975 0.1434159061277705
0.41601290548296194 0.9417505369122797 0.4953379953379954
0.46803503746299785 0.812257105785333 0.5100334448160535
0.42205361625805304 0.8597568333730599 0.41772796739684165
0.2007856291255218 0.7381728409673602 0.21404682274247486
0.22984011050420633 0.8673294240300176 0.18233618233618226
0.333527860124567 0.9293872588135258 0.22514071294559101
0.5922072839359762 0.8770821673882003 0.04524886877828055
0.3667818200875242 0.8255862253360534 0.21739130434782603
0.3694976501038481 0.8967292976324184 0.547008547008547
0.6068258037233004 0.8894320952762541 0.020790020790020746
0.5828076555631154 0.8608473267299991 0.6130268199233717
0.5179294611964524 0.8909767917514836 0.8155002891844997
0.566777671061743 0.8657841788754819 0.0711884516511766
0.6525039926470794 0.8187714922993911 0.13654984069185253
0.5038706764217603 0.8646858654673457 0.1625135427952329
0.24317624581805034 0.6588457072454682 0.7264957264957265
0.3629117561990127 0.697711978489076 0.40025015634771727
0.25671939631834695 0.688113447496201 0.7980492130348038
0.29011626910112703 0.8786683783854594 0.11188811188811192
0.5698045048941932 0.8742328073307609 0.33511043412033503
0.4145984692203845 0.8531538135056544 0.311249444197421
0.8672714425911062 0.8573615255816227 0.47115384615384615
0.7268782521940022 0.716193064921953 0.6923076923076922
0.7181670064019905 0.9065697385632945 0.7588823732321489
0.42035516087780844 0.8019965026488924 0.1110229976209357
0.36622874198468125 0.8527118959093847 0.5744888023369036
0.40998273078261577 0.8217494181750549 0.35461938408212246
0.2910073179038613 0.6766821952383734 0.6616181745715424
0.387324624779435 0.9317688037509756 0.4689734057763797
0.2332883840736264 0.8338005640413148 0.293040293040293
0.5748551610093298 0.7740277113794874 0.5279591257451036
0.2927355094632262 0.8505443194613478 0.6638032018742678
0.6970289245377225 0.6585523133735807 0.9194886745907154
0.48505940465685426 0.6845298818841861 0.08391608391608395
0.5212093354362081 0.7054028800268269 0.7498925655350236
0.3313082695438171 0.7892336110774559 0.055340343110127276
0.5296943109658673 0.8871612741778432 0.19760056457304165
0.7088035162388675 0.9176658946622495 0.5396697543294402
0.7946139876107262 0.8854013361240366 0.0693391115926328
0.9482662209836688 0.8041958401305248 0.725094577553594
0.2190708326868966 0.7815866399152341 0.7995154451847365
0.956554721956211 0.8252250258780568 0.2443438914027149
0.7447672196024262 0.6811623457729656 0.8196866424714526
0.5235828562727703 0.7051619803153123 0.7260963335729691
0.5569191921175103 0.9146210107479378 0.04615384615384619
0.5286646796088608 0.8719162439017276 0.4228682709695367
1.0 0.716707669959176 0.5041580041580042
1.0 0.6763964109262031 0.8136752136752138
0.9796928741661172 0.8537028870740124 0.0
0.4255565309799087 0.7840709574155068 0.02388915432393689
0.5137224603558442 0.8661167685188249 0.5822784810126582
0.4298575556482641 0.6622999950101954 0.012749681257968604
0.43124956816425336 0.8883534367312674 0.4338103756708407
1.0 0.8713088200925356 0.01169932728868083
1.0 0.8123971130954799 0.13811624784193355
0.693514624414902 0.8230597809193568 0.7962069811166517
0.7828136016903213 0.8049967005748963 0.8108912364231512
0.41573926158838015 0.6925756901835085 0.5574136008918619
0.3434923315167394 0.6724743149925515 0.7612594659226783
0.6366274534226117 0.8527228260065911 0.8055944055944056
0.7325112186972697 0.9173468471142117 0.7337278106508875
1.0 0.8374814774036943 0.31501831501831506
0.552983217678183 0.8390667422405022 0.6677937447168216
0.8995608417266547 0.9005446065860699 0.4961162615885743
0.5360170856472711 0.8954109334376549 0.6289645314035557
1.0 0.8637962918187423 0.37800687285223367
0.9443118348786276 0.7744700134031242 0.5857087075361187
0.6129494108443717 0.7844404895571025 0.3846153846153846
0.9268386213599725 0.8989186096466041 0.23884791008078676
0.8341065835077854 0.8643628732488584 0.1702522829283392
0.8155816739276311 0.8623488677298145 0.23639774859287058
0.4744204991907034 0.7870708461677685 0.6421926577973393
0.7452763426005977 0.9192414269868489 0.4455084833975226
0.6157331481663242 0.837317786134246 0.11088011088011093
1.0 0.6525231777518687 0.872198667474258
1.0 0.9125580729453733 0.6811804547653604
