T:1607427601.8985112
~~~
T:1607427613.108366
0.39187872677718844 0.8273994643651701 0.029776674937965337
1.0 0.7098098404646128 0.05207100591715978
0.3189021314541791 0.7505247856292713 0.7329151535160118
1.0 0.8652429363091833 0.49794480328831475
0.33352402415857163 0.8815028023077968 0.04480955937266615
1.0 0.6711332682698904 0.7637880986937591
0.3343365955709587 0.8494446873420686 0.0
0.6010063582842573 0.6682239681473833 0.0
0.4312162934757671 0.8500575872616092 0.7004727116458961
0.26871504021520615 0.8255732187427925 0.015860428231562196
0.808518626089877 0.8711766336463543 0.013495276653171432
1.0 0.615182863124779 0.7803790412486065
0.8099061764462665 0.6761043229251265 0.5350057596313836
1.0 0.8045485226038074 0.040133779264213985
0.3186817776957363 0.654058917425076 0.9324009324009324
0.3808216254704718 0.7584240279492082 0.8655922910782522
1.0 0.7026313634932982 0.8427601809954751
0.8900834576789267 0.7505959583294897 0.048769674129904676
0.7487061132894176 0.7508711038817735 0.7464387464387464
0.7890620563498445 0.7760307749641027 0.7308184772973506
0.8089725739059224 0.8648061527553292 0.02614948790586179
0.347573815867498 0.8104525291920295 0.5157096424702058
1.0 0.7972557363468012 0.6516627477326167
1.0 0.8274754603712747 0.342809364548495
1.0 0.708342181093456 0.2015915119363396
0.6999652501686846 0.8800395221904268 0.6186406186406186
1.0 0.772503458629482 0.13860013860013853
0.8061807990443547 0.7738544457031807 0.6689880763954837
0.9794420109165644 0.8166047191632073 0.4797353184449958
0.31705009573748916 0.6845318829673906 0.4265041888804265
1.0 0.7971216633064847 0.2422774076317384
0.3035904775091026 0.8572767854680263 0.026298487836949453
0.5166900600249107 0.6286768497183444 0.44420368364030327
0.6440654057728316 0.8593035751749536 0.6524725274725275
0.31210074117969966 0.6376156297747115 0.9549071618037135
1.0 0.8217386591184159 0.23764853033145708
0.7054657222969793 0.9047300702397822 0.5377808032675289
0.6048213294479617 0.7893688044267876 0.10159651669085629
0.776895498828479 0.8067502570746568 0.005145356315924874
0.8351997717249185 0.863431849620733 0.5906593406593406
0.38037648437601174 0.5694266254748265 1.0
0.4206643186590995 0.7824768485076511 0.7165437302423603
0.7839399983892652 0.7795454459861527 0.012714558169103581
0.5924951085576041 0.8158386602321257 0.31155224703611795
0.42348339110250505 0.8146679625366396 0.8057882711348058
0.8916535122611021 0.7751654166297653 0.2844214608920491
0.477257838374475 0.7894019909422081 0.5488565488565489
0.9023193480201016 0.8186771045769231 0.014888337468982582
0.6304124056116088 0.8267707527727884 0.5170239596469105
0.4354306848130782 0.7974425768601923 0.337468982630273
0.691089934443967 0.724915505473275 0.02530364372469639
0.7902550016542472 0.8135535555734881 0.08348240906380439
1.0 0.8696501676156854 0.07766272189349119
0.3392388197168231 0.8711845336729862 0.8338720103425986
0.7842152743691267 0.886208409744296 0.4608070218212849
0.3783182823942803 0.7372540193110914 0.15207780725022105
0.7439418712371644 0.8142345114638319 0.12307692307692301
0.5597248004504174 0.8152888983051634 0.3087388801674516
0.9042141132212471 0.8194226939622526 0.4800000000000001
0.528629803990089 0.8914722231465834 0.34669555796316365
1.0 0.6508500793007612 0.9739986789167118
0.7823884022228785 0.7218005293082586 0.22624434389140274
0.2341479717522397 0.8077859729424843 0.0
0.731353410850075 0.778495275344696 0.27109454422229756
0.7139114265576352 0.8655720007826608 0.5879983890455095
0.38319632042902035 0.881772429949891 0.4945054945054944
0.9908455150941465 0.7583666334376236 0.09793919608243222
0.5152908077609467 0.9121023425785577 0.02797202797202798
0.4615595537266104 0.76695761138315 0.22780464971134334
0.625316986425325 0.7810108845006178 0.7051282051282052
0.4194894916818297 0.7412828967403865 0.6523855890944499
0.4474796901458656 0.6928981975060018 0.4733727810650888
0.39515681712205686 0.8681910763288229 0.0
0.2601356124347743 0.8645634613443034 0.05789909015715462
0.4702817230232477 0.7705127451462863 0.32462949894142545
0.7739829295605738 0.8013332336178606 0.717948717948718
0.495722684182577 0.6238511635429762 0.9394830521591084
0.5830160707296641 0.8057330608933972 0.17582417582417587
