T:1607427358.703655
~~~
T:1607427362.7092311
0.47631358401680945 0.8776554769138546 0.41772796739684165
0.22585877890925027 0.7623064360912375 0.6673691605198455
0.3793677618807427 0.963116132524928 0.13880855986119142
0.37728452888337904 0.6613096909252842 0.7942238267148014
0.3548747851635079 0.8482368426523004 0.4054054054054054
0.31648620791726856 0.8887995999178429 0.3577817531305903
0.5501199191460358 0.8294751671854959 0.515346722243274
0.2887063498107368 0.8933787037782283 0.5769230769230769
0.45637341431221556 0.6901142581483501 0.70481242895036
0.47975752333433974 0.593193438432945 1.0
0.7887982897044445 0.8119079310493533 0.07957559681697611
0.5363786932630668 0.8120949421323179 0.17446471054718482
0.29543013769145626 0.862604584808126 0.021516944593867625
0.35656024023013605 0.6496829324582412 0.9630526953361599
0.44364672972351393 0.8184358047924062 0.4524886877828053
0.40809482632554733 0.7323139456169102 0.4797353184449958
0.4022468536696257 0.8170541440547561 0.1557935735150925
0.9214112276767269 0.8239684639975937 0.20979020979020976
0.5211783172742313 0.8147772520944754 0.08097165991902842
0.5964518555366964 0.6202643037352372 0.965749578888265
0.4727712599939729 0.7766332899387406 0.020242914979757148
0.5968538481458883 0.8805813976053443 0.1328168234643055
0.8363373089717001 0.8521544052658103 0.8058608058608059
0.3407953407013962 0.826118203460884 0.8291527313266444
0.30841412756393594 0.8583384354886843 0.013614703880190626
0.5740126999755977 0.8061412229680348 0.3500203500203501
0.28543996922851217 0.8999016695537094 0.6799450549450549
0.3069688936812822 0.7710383295713186 0.0
0.32454119600594955 0.8019926041511025 0.3831748775569001
0.5781389621530744 0.8750394084136646 0.7452991452991453
0.8878348674437022 0.7676922372784181 0.40176384125428716
0.8865846808313135 0.6721410326105351 0.8861103560750203
0.542956960819554 0.8812150171669536 0.3076923076923076
0.5215988893457797 0.8409572743547106 0.05200433369447447
0.808603791171114 0.7965974556094545 0.36437246963562747
0.8690555170076515 0.7366693629914011 0.017482517482517466
0.9449677975223872 0.8769693970971799 0.6987179487179488
0.6318113224635904 0.6969111199054174 0.49857549857549854
0.5580454640605664 0.8527838868509621 0.5074506645187272
0.6612892447839854 0.8042894144525329 0.7860881909324816
0.5959350745409829 0.9708383708870337 0.6894049346879535
0.5904477341177604 0.7559944849173187 0.08097165991902842
0.3297515477572436 0.6831939157818304 0.3619909502262444
0.8395852695276328 0.7450805406533214 0.5643602628527252
1.0 0.8934096011039118 0.8127051725667641
0.4654950833299916 0.6078897223160769 0.8415974269632805
0.42887115737706116 0.8373421006894932 0.5382076669205382
0.28496448161578886 0.8773958245023752 0.5384615384615384
0.6304170999263172 0.7838207567497028 0.33622007131940906
0.42229346594073147 0.7151908789316574 0.44534412955465585
0.44669047536741835 0.8328356540654145 0.20979020979020976
0.526323440334797 0.7729294099188259 0.529287226534933
0.598653177018975 0.6962993745590734 0.7839294463498285
0.6085028890718066 0.6695746454047866 0.8373904576436222
0.8088521968458391 0.7696427049880105 0.39178213091256575
0.33758668807789943 0.8655866050937977 0.7933770265608829
0.825732034352386 0.8015575630198851 0.7274895646988669
0.6226828427625984 0.8441802376704761 0.7183478000598623
0.502665923137053 0.8902130954842966 0.4595404595404595
0.26448079635799465 0.5870797745201931 0.9890109890109888
0.5122310847689793 0.6704777737441813 0.4727564102564102
0.36282989610892186 0.830119744987986 0.6338725652030373
0.8443847408332289 0.8119702272678575 0.8476052249637155
0.5714621308446491 0.7389216104780649 0.5180533751962324
0.4601769103836131 0.7098990253908501 0.0
0.5454663791840827 0.7475741329338339 0.5869275233437083
0.8772024802353413 0.8686619148549732 0.045696877380045735
0.5806570896917814 0.8203086528823156 0.5304129832431719
0.8082945459156968 0.7625370614051774 0.7756410256410255
0.38415711607325265 0.7615042723013652 0.6519874177866744
1.0 0.8316188732237864 0.0904977375565611
0.7555160478382733 0.8550462775227502 0.27613412228796846
0.4988123163471467 0.8297746891563872 0.5204366590505205
0.42626404097628257 0.7056517387849306 0.4209720627631075
0.7452705664200567 0.8353781768303946 0.4553492484526968
0.21452014769073668 0.8257710993647115 0.7057163020465773
0.29974320499567664 0.8121353679267344 0.6609686609686609
