T:1607233045.754378
~~~
T:1607233049.6915772
0.5641908699759113 0.8674393134199063 0.718432510885341
0.8849525772585773 0.7560741510202835 0.011926058437686366
0.6161970276620795 0.7557336418115874 0.017094017094017033
0.717040483181483 0.6421674826047932 0.6334841628959276
0.9899984989075618 0.9272455187887773 0.0
0.30356423680596006 0.8138117668531929 0.0
0.47892596706927615 0.9171519892905887 0.06410256410256404
0.6010514764412723 0.882791145525968 0.3957636566332219
0.6493564691814911 0.7640948115542655 0.054945054945054916
0.5922861171912861 0.7661239151316867 0.03775365738555918
0.7428841162714788 0.8872130150236848 0.0
0.6198108358329553 0.8647597507800893 0.26035502958579876
1.0 0.897270512321968 0.6716126513080827
0.6924631799493665 0.690739311085133 0.6127206127206126
0.8807454318068336 0.7633240376408122 0.07239819004524894
0.7855614580244475 0.7851438745265485 0.5794205794205795
0.4542228755857503 0.7797868509552637 0.14201183431952663
0.31099771011109156 0.9035729306107796 0.07384615384615391
0.2952275567639066 0.8486272457352261 0.35934868051656377
0.4625318304960481 0.8456021851601505 0.18674966651845262
0.21708160151952557 0.8175175041501307 0.41226747109100054
0.8471670295201168 0.7385318564622432 0.5879983890455095
0.3610721815903428 0.7957228028873322 0.7289113763933908
0.8700870313348296 0.7357618900481431 0.701252236135957
0.747035437655324 0.6505144481983436 0.931057415207271
0.29219509313290093 0.9326003911286327 0.596816976127321
0.5075130668265279 0.8402450416329257 0.0
0.5997108171349418 0.7848104984698745 0.03335417969564312
0.4938881786963879 0.7990762443547582 0.0
0.766041855912425 0.8414677505993471 0.663018989378822
0.45002921071009444 0.8513820573628645 0.19795103316548007
0.8291960631551255 0.7872324420967449 0.13906996957844422
0.5762936033136002 0.6058447682391213 0.9358157765801077
0.5588039082862359 0.7702878289068196 0.09925558312655094
0.49461597206371755 0.7835663686535065 0.0
0.37827963826551775 0.7057072441550747 0.49287749287749294
1.0 0.6715251639384515 0.9315809818322381
0.6815524545383728 0.6928685775597635 0.799583730812592
0.7801683722995242 0.8034844928476192 0.5334249084249084
0.7797328969382661 0.6428528274852818 0.7402031930333817
0.8166857560914018 0.8707317108532355 0.41958041958041953
0.4355286079361171 0.6677903346513816 0.6200941915227629
0.3178876043161969 0.7381255282095756 0.31558185404339256
0.6073309225396101 0.8548884944010195 0.07756948933419527
1.0 0.8180406282278694 0.2540898016011138
0.8025816383129453 0.7987089240305754 0.37296037296037293
0.9400876426499263 0.6519516813138251 0.9970126960418223
0.5767657059056119 0.7506815070576023 0.27972027972027963
0.9550971575090207 0.7229417740976138 0.7863247863247862
0.7561761352005607 0.7808319363667489 0.44236913246497905
1.0 0.8033456505823802 0.7664604303259764
0.617933836137516 0.8880507587078669 0.6802288620470438
0.4518797887717126 0.8662675591575822 0.8488063660477453
0.3642707740134197 0.8089982506219265 0.5402930402930403
0.8683425164098223 0.8129729269551025 0.5972086984745213
0.6362543725602225 0.7593787461607369 0.05594405594405596
0.2103434224978003 0.8418657124411647 0.3724696356275303
0.5876557195687326 0.7777652386634792 0.5396825396825397
0.5751883102145241 0.8800699103108047 0.595980595980596
0.5970075051955736 0.7683825170483374 0.043336944745395393
0.37687433362481226 0.9104292414194209 0.11076923076923069
1.0 0.610715953646306 0.9263502454991815
0.7776317412535644 0.8713183526658318 0.01645413410119299
0.9730325934226624 0.7798139621378364 0.5875531503672207
1.0 0.7240431103717359 0.499738356881214
0.4720952244096362 0.8943958934963632 0.22242817423540318
0.5140853806167605 0.860130072471675 0.7995154451847365
1.0 0.853343716470957 0.649867374005305
1.0 0.8509417676102338 0.7692307692307692
1.0 0.9165825754649298 0.7403846153846153
0.9715733417472897 0.7829410547795738 0.1002255073916312
0.5549651404877187 0.8673032760787345 0.0
0.32568367538178 0.7978878226805878 0.759175465057818
0.470122215371245 0.8205334977449245 0.3448275862068965
1.0 0.8151521867897874 0.7781407781407781
0.6833568220618053 0.845249311424759 0.3783102143757882
0.5433944964618183 0.8322938616976963 0.4759881002974925
