T:1605620879.33
~~~
T:1605620885.47
0.278511927583 0.903047580651 0.0605693519079
0.311019208102 0.972530771461 0.0287562904385
0.217270257088 0.862359680646 0.573476702509
0.473917173033 0.943668813579 0.622231171969
0.402874703975 0.833446564772 0.377706126209
0.416224753068 0.906980201603 0.65403195838
0.404059670744 0.898496816981 0.0977617700026
0.530153956386 0.876214636196 0.130624092888
0.436683512572 0.797945403302 0.0483286347161
0.700849680713 0.907947688026 0.0661229887591
0.993028363505 0.854060658159 0.467176802255
0.897955978195 0.823948793494 0.194871794872
1.0 0.854723077908 0.312151616499
0.294175709054 0.868386903462 0.672732285636
0.765732789672 0.799282304091 0.159544159544
0.42749813012 0.915585008059 0.652680652681
0.803888444429 0.826554204121 0.120053357048
0.497073982401 0.905776044438 0.063945834117
0.422367105681 0.864051092043 0.21770682148
0.819838967968 0.820799680047 0.386672151378
0.466805659371 0.813644942164 0.28311965812
0.565132947072 0.896658041641 0.166666666667
0.423738741685 0.789765687095 0.662914321451
0.487388839649 0.915139829165 0.520783564262
1.0 0.88056681783 0.102827763496
0.768047373459 0.821661801323 0.563240123395
0.86203106061 0.673556091202 0.786452353617
0.492824632242 0.815707420747 0.652680652681
0.568843666371 0.827997165169 0.247304097771
0.549368668287 0.758522721537 0.549450549451
0.531265416552 0.898517428916 0.530130909878
1.0 0.871889950486 0.00499500499501
0.732168300093 0.784846757267 0.509838998211
0.280094824638 0.846160602869 0.0
1.0 0.678186443168 0.22792022792
0.489077317853 0.72348732465 0.772133526851
1.0 0.814151544102 0.238213399504
0.959391073592 0.865416301804 0.706915926039
0.529143132957 0.795337737028 0.221445221445
0.800903363894 0.811385280341 0.03663003663
0.717774314112 0.795069981659 0.262282247015
0.904472789538 0.773100790844 0.421496311907
0.656175010758 0.862803167059 0.452488687783
0.286126123073 0.792073431556 0.0384615384615
1.0 0.824869335203 0.0442722744881
1.0 0.846853574442 0.430247718383
0.591395217465 0.726460022128 0.836120401338
0.631752242596 0.818479904829 0.21978021978
1.0 0.884233803878 0.386309725517
0.917792456991 0.745543767925 0.638071605814
0.532321611338 0.782486523366 0.144927536232
0.648225419004 0.807874352168 0.495436766623
0.798278028186 0.880642682463 0.573314085378
1.0 0.839971845588 0.00986193293886
0.999560829996 0.95545172903 0.710356143229
0.744140507103 0.758735602477 0.483757558712
0.809062116703 0.886067255512 0.654333008763
0.577607099349 0.87878805707 0.0121138703816
0.51444801027 0.820977860619 0.394062078273
1.0 0.911617117236 0.61203102075
1.0 0.83427161568 0.14245014245
1.0 0.933265379868 0.642077734692
0.51390199973 0.708679343235 0.0
1.0 0.795658748627 0.515734265734
1.0 0.697090857635 0.846707249585
1.0 0.810875185818 0.352020860495
0.707351484567 0.660183520294 0.912998369646
1.0 0.828557505759 0.0854700854701
0.430491574874 0.74110177404 0.845392231531
0.952334808044 0.836966035765 0.0852209015474
1.0 0.843886695674 0.438498699368
0.657821340346 0.664197997741 0.361445783133
0.677856773451 0.794265982735 0.358114883255
0.844280180974 0.860716431829 0.01523229246
1.0 0.697550897045 0.968262506724
1.0 0.709503631949 0.566356720203
0.883741844478 0.635573858822 0.910869395101
