T:1605620860.25
~~~
T:1605620866.26
0.450975942446 0.832360551145 0.0573663624511
0.548356633381 0.677078338219 0.234680573664
0.334826595518 0.664562917268 0.66889632107
0.798911604745 0.782967628355 0.36473330591
0.476043607888 0.793815928111 0.187202178353
0.651475496174 0.766269226519 0.22792022792
0.282349630278 0.792018474562 0.580512820513
0.733836849198 0.833788320897 0.723981900452
0.250517071911 0.823604520987 0.457875457875
0.566640664789 0.751201510073 0.0
1.0 0.645376153274 0.729909068567
0.772428168973 0.925479271513 0.650751547303
0.802658085706 0.844213145239 0.246570585171
1.0 0.621922459886 0.795522008311
0.41466914972 0.77421740828 0.247076264207
0.52253740148 0.785908822546 0.188157166574
0.563409792807 0.814018961305 0.466896287792
0.551537234212 0.876034797166 0.505795574289
0.460364314544 0.822064376671 0.252583237658
1.0 0.844391877998 0.692894891368
0.360247296334 0.887833872508 0.14888337469
0.293925919102 0.754086362022 0.564506359782
0.370715181852 0.818239940745 0.443241850277
0.810147036651 0.877603491624 0.567667626491
0.589181735946 0.848950552061 0.0524475524476
0.458856233737 0.63572991069 0.850943927867
0.435271344867 0.743494137146 0.720047216211
0.250139474753 0.781982059568 0.0236686390533
0.662318387058 0.787873671135 0.800679983
0.36653704199 0.677556672276 0.685390903375
1.0 0.812299796354 0.116039678083
0.334220594478 0.864660320644 0.495258166491
1.0 0.65762976639 0.641998365822
1.0 0.814599792149 0.4884004884
0.894096319834 0.830235584411 0.169230769231
1.0 0.811260135179 0.0339054884509
0.592076087253 0.90910042812 0.6191369606
0.339441994542 0.834030312869 0.026525198939
0.701017837147 0.8181737496 0.655134339345
1.0 0.821560322667 0.488006617039
1.0 0.739279825392 0.626780626781
0.730917388515 0.673700337748 0.699300699301
0.426792643688 0.855482458895 0.316421167485
1.0 0.648695020678 0.730981725457
0.391993420601 0.778158235005 0.753402975625
1.0 0.910224454575 0.68073519401
1.0 0.762167304019 0.531591395427
0.52556758904 0.822565654784 0.147157190635
0.867876282402 0.822114406781 0.247863247863
0.800610060514 0.832779233694 0.261715296198
0.847636808905 0.816762436469 0.282051282051
0.604446918113 0.758388089789 0.476923076923
0.890376339702 0.763652874171 0.115384615385
0.74549688683 0.82133973906 0.0093808630394
0.722129228683 0.921825832001 0.385253221074
0.835710177332 0.86731434253 0.0112296462661
1.0 0.845002692146 0.560921680438
1.0 0.707347030642 0.0240384615385
0.885887224896 0.812647152993 0.0434593654933
0.49216031417 0.811779786352 0.596816976127
0.39584402584 0.825238496458 0.795306388527
0.740714145478 0.695589555758 1.0
0.522922147241 0.805984202792 0.0
0.655840060985 0.856402621851 0.372093023256
1.0 0.740721245563 0.451923076923
0.426801681207 0.628217303233 0.0
0.244730620309 0.833293494008 0.37037037037
0.442056127818 0.949512144764 0.0599400599401
0.617728262981 0.807566236068 0.226767452201
0.27647158852 0.829461946665 0.377571146802
1.0 0.888764736288 0.0301659125189
0.936217512639 0.917469137783 0.636799098338
0.420333026841 0.877348074282 0.866369125755
0.812396757225 0.842883593762 0.517823639775
1.0 0.625945961467 0.919014978421
1.0 0.825181418267 0.670139953008
1.0 0.878058265862 0.475524475524
