T:1607232701.0609002
~~~
T:1607232710.220274
1.0 0.6937979467503995 0.9550851832731028
1.0 0.834458639425367 0.08615384615384623
0.9416141367491855 0.947068756984626 0.5652951699463328
0.678331204299107 0.6557122937659087 0.3076923076923076
1.0 0.8428325477832541 0.17446471054718482
1.0 0.9118783460745848 0.08684863523573193
1.0 0.9551086711435703 0.6602221308103662
0.9135808229590232 0.8539207993729916 0.8434808434808435
0.5806060034151648 0.7560827649441937 0.9046927914852443
1.0 0.9246742606058237 0.6598658211561438
0.7050389126517479 0.7008971416862414 0.818070818070818
1.0 0.7797111066671146 0.2822865208186309
1.0 0.8151733549113049 0.2714932126696833
0.4885569494367 0.7599221401502119 0.7338268426134535
0.5902722214249543 0.6953461042266509 0.815945188414824
0.6405996965101308 0.9236856282627096 0.07384615384615391
1.0 0.8709262429078083 0.7225830055794383
0.7090129290555718 0.8055599148538027 0.37606837606837606
1.0 0.8407676277295639 0.7377201112140871
0.5297759688758578 0.9415719179016612 0.7003891050583658
0.5967426387717882 0.6445558143208835 1.0
0.42260700132209117 0.6741518796996984 0.1804899011602923
0.6802540039874079 0.6893281763660696 0.9443582354245178
1.0 0.8216563147492149 0.05071851225697378
1.0 0.8513998336148149 0.07107023411371244
0.8514202204495845 0.7147839198352846 0.6137032366540563
0.9626798654950139 0.8544297125896064 0.08429926238145416
0.8083659391299177 0.6728833989861566 0.7332854061826025
1.0 0.7824247756495781 0.23310023310023306
0.8365585060023337 0.9278943006472413 0.6878445786295615
0.6058383950964983 0.8054535649875577 0.2857142857142857
1.0 0.8197474842660786 0.4362101313320826
1.0 0.9169043263891125 0.5227117096553299
0.5583652065362085 0.9385436498690931 0.5551754471703645
0.9476365056711508 0.7582462482057905 0.0
1.0 0.7667615439868232 0.08656305331497142
0.8176587619328316 0.8409930288327194 0.07015785517414184
0.7266879780607162 0.89311646749413 0.06451612903225815
0.7926919392960307 0.6037654602631114 0.9947580153602341
0.8571369629863534 0.7104201686526812 0.9193993257738278
0.8336316436775155 0.83242879645889 0.395674612927009
0.7326647497478127 0.7317963202579876 0.22962112514351318
0.4938956067025009 0.7883909569044179 0.07803790412486065
1.0 0.5995637614516712 1.0
0.5746106567653471 0.8954777518788254 0.680324700425203
0.7653627967367336 0.9205585969403288 0.6502177068214804
0.8497400078065603 0.725719787932589 0.015082956259426794
0.8546923313715448 0.7087965643505999 0.47496128033040785
0.46375220152280366 0.7783082335210033 0.11684518013631931
0.7561627909361002 0.7902960189036092 0.0
1.0 0.9130930287352111 0.6331360946745561
0.6376867390495645 0.8276638163383491 0.05936186000494674
0.8831325607643634 0.7635667062757115 0.17019856499249128
0.7596140283966779 0.8174226700692633 0.3375196232339089
0.5770384064251455 0.8165294449742614 0.0
0.9177744996451781 0.7155250523443848 0.7586206896551724
0.9401408440707281 0.8829461187416496 0.5730380730380731
0.8450333119381811 0.7372542040594674 0.46474358974358976
0.9108601331233378 0.8388129839231253 0.494001411432604
0.4568684453166985 0.8073194295968403 0.04048582995951412
1.0 0.7533806814429554 0.7485472274204668
0.875883281137195 0.7421713646767819 0.04524886877828055
0.5088304415079532 0.6578187111677636 0.32090608777725343
0.7816089424789616 0.7399197632741442 0.0
1.0 0.8447307911969755 0.0
0.9995246571566165 0.8103985621315546 0.7122507122507121
0.7647684527781653 0.8102576597904543 0.056457304163726185
0.769041195622064 0.8541301049257094 0.02555583950932788
0.3082052611756239 0.606982701237828 0.988283239938869
0.7528568698532679 0.8211841145838804 0.6303130831432718
0.44000542931354525 0.940684602801153 0.7073786915236518
1.0 0.8417778943844533 0.08980866848887155
1.0 0.792623326868457 0.6769991442426547
0.9346823928789043 0.6976727014771822 0.7750582750582751
0.4512072010192203 0.6173837015378646 0.640284570920409
0.8863764853317455 0.7659577806145641 0.0578034682080925
0.6059040639134042 0.883446465540724 0.7228270569337855
