T:1607427449.899025
~~~
T:1607427457.8662689
0.6454468123800128 0.8647538424099487 0.4769001490312966
0.6927592830339567 0.7182532701320938 0.6050955414012739
0.5919132704913036 0.8656552899551194 0.7483425665243846
0.5219267975133601 0.8542841301741733 0.4524886877828053
0.714175988663748 0.779276462668157 0.5548549810844892
0.23775870604201096 0.825143849972862 0.5435731205585338
0.4069688479150974 0.8242910453122942 0.6579165974414354
0.7804416255143322 0.8888932387792449 0.07612179487179481
0.7314743931302851 0.8076896286961286 0.8371040723981901
0.6219375092028191 0.816391254789018 0.3496503496503497
0.7532106962974028 0.7702367924181337 0.8613008613008613
0.3427380521834861 0.7243915215427471 0.6796416434970652
0.3093597494504764 0.8535388749007666 0.3683287396642445
0.5998367559982984 0.8058633703685609 0.2945323515588282
0.24861455571868024 0.8317533162680948 0.4395604395604395
0.8292390224904724 0.8609317268752391 0.03496503496503493
0.3366325690238886 0.7738978991245316 0.348491287717807
0.7370864189016388 0.8516005221679634 0.07586933614330878
0.31179821616426345 0.8289131499748231 0.26615969581749044
0.5502447393582575 0.7757741275558249 0.4483516483516484
0.3312890171859928 0.6230250020077934 0.8843850760018424
0.41854891338485084 0.8847705180386914 0.45969045969045963
0.5056743777579701 0.806001937241317 0.29732065687121867
0.7604031688496349 0.796414038161338 0.5544189852700491
0.34965688014338275 0.7646202726180638 0.6810580723624201
0.27393772367054514 0.8500448947206314 0.11049723756906082
1.0 0.8071721700185153 0.05917159763313605
0.2898620452524659 0.8282688124972435 0.585432266848196
0.30051795255471025 0.8285152843770199 0.6023606023606023
0.2989111470032021 0.6496214946590024 1.0
0.7679034264789089 0.6758555525065619 0.13419602204648934
1.0 0.7611234024543033 0.3076923076923076
0.3910928477728723 0.9059974711329275 0.5010585744530699
0.9425860859329707 0.7830634526636235 0.14358974358974366
0.25463580128082886 0.7040588743232563 0.8545300852993162
0.4987097994561409 0.8203287603287179 0.5217570633120231
0.6566601286902087 0.6745369462158318 0.8244793880152997
1.0 0.6351210645868721 0.9007164790174003
0.7773647220087817 0.8541760056327288 0.5815237394184762
0.7374481199779912 0.9154262202526182 0.4972375690607735
0.7301948594921023 0.82622467090428 0.012644889357218072
0.3773941350503293 0.9358830795319563 0.0
0.25612809734176084 0.8216138327667947 0.6102277610657498
0.7223953913091848 0.8901993725938668 0.0
0.25673885195000673 0.6509398954426289 0.8377760853008378
0.4102800952323036 0.913459058820632 0.01469867711905928
0.564531862674883 0.7218259164142471 0.4325971058644326
0.5239098257717093 0.6345753092862305 0.9313789077701389
0.5762789751137957 0.6851903321004232 0.9516933578367024
0.49697549130168006 0.8142076107118508 0.6625766871165644
0.250907394456533 0.854653074029592 0.25503907856849034
0.6065375017401985 0.8113545100469802 0.768243309963464
0.6764664373681739 0.8832311631305235 0.6217853468967882
0.9951171322404083 0.8918324477756544 0.3096903096903097
0.26254594913317597 0.6009483736034055 0.9280742459396751
0.9403224086462025 0.8057481373932573 0.465587044534413
0.4924342276638683 0.9119166714879166 0.5724508050089445
0.6059799381263484 0.7618413373412283 0.7774140752864156
0.8577928654842629 0.8263273686082586 0.2427490542244641
0.6486337742519349 0.7220867490983442 0.5400084376318379
0.5948361320493826 0.8145650126011682 0.298076923076923
0.6388522082135133 0.7604323341095132 0.4641168886978943
0.6065372766511788 0.7849818456316102 0.13396715643906662
0.7491481686359985 0.8465723008469668 0.5651491365777079
0.7990307405617483 0.7318542540131112 0.0
0.49510078428433846 0.7852448177529262 0.7341206511330992
0.949641236528686 0.8307551609470923 0.31999999999999995
0.7402479139926711 0.8792118737260511 0.5228758169934641
0.6196653500208974 0.9501775111942781 0.08827238335435049
0.8630199931864928 0.7889362494154648 0.41307529679622706
0.6718585167444241 0.8871435384612998 0.051282051282051266
0.33382166103603383 0.9042895334691639 0.24132730015082954
0.8673572435293674 0.7538880129564798 0.12253233492171547
0.6883649400275639 0.8337364776631959 0.2493029358701
0.5212075569839623 0.7195426079847973 0.348119034250421
0.8182639399478577 0.8807191020089561 0.1935378054781039
0.7165435573634634 0.7276140289676406 0.45431078988125967
