T:1605620835.17
~~~
T:1605620844.85
0.882996498827 0.858386683452 0.709456148947
0.647900687246 0.803182732339 0.0
0.857274840827 0.7211875572 0.00443360673908
0.989418966604 0.827370588228 0.0420057757942
0.841652708299 0.753734260352 0.471153846154
0.878411770965 0.81063133624 0.540779163448
0.568953315294 0.853993537986 0.343242414956
0.603257996015 0.740918208457 0.0269905533063
1.0 0.642554400305 0.424063116371
0.896724631135 0.777806846205 0.701538461538
0.464103216392 0.885157922145 0.554029304029
0.755678221918 0.862175793243 0.528254235505
0.655832945034 0.767769080337 0.0769230769231
1.0 0.673989582325 0.826779205832
0.665089334025 0.793213919437 0.017094017094
0.722825464321 0.758992160815 0.81983805668
0.490103985299 0.790296155626 0.699657030867
0.609226093358 0.689177398607 0.813374659529
0.607963845902 0.8060371586 0.180570603106
0.395009932557 0.941025112859 0.00622858922454
0.393186623316 0.839419992932 0.699605737774
1.0 0.808670829886 0.386160024714
1.0 0.883703190453 0.634313330648
0.750677443878 0.673147964721 0.0
0.487131574546 0.85411740044 0.0320512820513
0.633344296845 0.848909353167 0.194478208022
1.0 0.81331013279 0.118343195266
0.88215863988 0.939340816786 0.505166475316
0.57911272744 0.810664303736 0.330754058565
0.632688464528 0.811010303247 0.0
0.396648332138 0.786783572626 0.183486238532
0.720346860756 0.828662997469 0.021978021978
0.947541832431 0.708649667177 0.631163708087
0.466243771235 0.800436227388 0.517974487824
0.98042783887 0.851525305544 0.380194518126
1.0 0.87437989288 0.378310214376
0.721021119626 0.827462275574 0.390901817351
0.435267160296 0.736522754926 0.121457489879
1.0 0.847525173533 0.302197802198
0.429164283808 0.635790603578 0.650887573964
0.721816569876 0.819202268338 0.21978021978
0.275613148625 0.789485700196 0.0
0.31078606263 0.78671154641 0.034965034965
0.838392718881 0.8935913963 0.516483516484
0.538793226479 0.77133981412 0.0143781452193
0.386565333685 0.703944656935 0.899470899471
0.656786658491 0.831706834749 0.574980574981
0.379701988877 0.648929435414 1.0
0.792495798447 0.955050628803 0.408163265306
0.466320150043 0.942645070025 0.571306301487
0.600091260553 0.611008256897 0.779964221825
0.73781111606 0.67850668579 0.741275137524
0.570900437788 0.680710822533 0.809325809326
1.0 0.780067620405 0.294396961064
0.595774530684 0.892219357511 0.0904977375566
0.545690416994 0.929962053314 0.738766184311
1.0 0.66638391714 0.769230769231
0.602747641812 0.848106948393 0.472557745285
1.0 0.849728055961 0.467380720545
1.0 0.714469957942 0.702075702076
0.914468441103 0.920649925617 0.260461885744
0.820331558808 0.685849055538 0.908097987205
0.393505757533 0.743806161069 0.691291087767
0.446288511673 0.771743166226 0.299523485364
1.0 0.819589280945 0.0701293008985
0.456608376818 0.827403165829 0.425101214575
0.260880382469 0.844162107479 0.0620347394541
0.904925903043 0.767745577824 0.330484330484
0.305480174141 0.787162923432 0.323886639676
0.673659600008 0.917261254738 0.240802675585
0.421807159918 0.858067300765 0.471958320564
1.0 0.843509082482 0.0662721893491
1.0 0.775312111728 0.221538461538
0.970206380505 0.692107053756 0.650593187907
0.512633466743 0.860549553333 0.0146986771191
0.928486556876 0.738229107509 0.0119724633343
0.878178856787 0.940965710091 0.0
