T:1605620907.91
~~~
T:1605620914.25
0.613066878088 0.838574433503 0.0927291886196
0.824106007767 0.785872381007 0.493468795356
0.628003646075 0.865214564163 0.478278198485
0.810565344921 0.837765900558 0.354637071055
0.924882119879 0.803075191744 0.41127189642
1.0 0.829688313448 0.630393996248
0.941874774777 0.838042938976 0.00657462195924
0.825676729345 0.871991639314 0.0
0.693002550596 0.894855531638 0.0273747604708
0.611252493676 0.926774923961 0.721893491124
0.579417043036 0.772177173746 0.181818181818
0.413834066007 0.764539396597 0.262901655307
0.302251170002 0.749764631067 0.0301659125189
0.778997317213 0.851350235426 0.536236974593
0.299146219564 0.941299416436 0.0718907260963
0.759745430778 0.894830568722 0.635224504003
0.454352597462 0.858794177605 0.576172851856
0.41427532769 0.800736499232 0.158371040724
0.736618488902 0.730240144554 0.0467617488894
1.0 0.871416502366 0.31525851198
0.833237616159 0.906638819666 0.276134122288
1.0 0.877863015444 0.240653201547
0.741721779625 0.79414820142 0.724761093765
0.699571262799 0.832966784477 0.554854981084
0.945978305185 0.910551833304 0.171404682274
0.73473612732 0.893195446819 0.0391134289439
0.843019636686 0.789275149884 0.210387902696
0.7703376551 0.927870032933 0.747204337513
0.679884654582 0.899664174138 0.684903331962
0.776107724638 0.8078086628 0.0952018278751
0.742716067241 0.78908099265 0.572998430141
0.661689328168 0.841940110248 0.63359345968
0.732728930488 0.813796981992 0.11611030479
0.376261596482 0.79297257853 0.49654049654
0.609476855197 0.707179692715 0.625257095845
0.773357248749 0.891442088099 0.176159718144
0.843701918841 0.889794668973 0.0496277915633
1.0 0.645535623347 0.997274117412
0.617375629219 0.838017457379 0.384615384615
0.707040249435 0.867163376366 0.488856937455
0.402676313735 0.922385206145 0.660775256076
0.653132627166 0.854363471266 0.221445221445
0.489514390666 0.776152998657 0.599739243807
1.0 0.712184541749 0.0464792005578
0.971874679458 0.818754055369 0.0472711645896
1.0 0.600813984077 1.0
1.0 0.662472881448 0.909698996656
0.810051156943 0.861913324789 0.460795243404
0.673293447262 0.870742227239 0.647773279352
1.0 0.794827405093 0.707020835391
1.0 0.781320624325 0.260954235638
1.0 0.818630684563 0.752255874207
0.875390459484 0.925809772899 0.0353669319187
0.251496118766 0.707290589741 0.613973182781
0.440353370432 0.775707006784 0.741258741259
0.409210342888 0.842829347455 0.629973474801
0.439618979281 0.88839979422 0.595533498759
0.642917806029 0.682788092529 0.821559392988
0.868526682808 0.815572171013 0.552400619515
0.918356578041 0.840713920934 0.19481449649
1.0 0.827050277886 0.435013262599
1.0 0.860285385916 0.417918244743
0.669400921163 0.961477526955 0.645274725275
0.399319287269 0.734108989525 0.480769230769
0.882264167223 0.85048788608 0.307692307692
0.712835441217 0.819442574186 0.623299530052
1.0 0.804117407479 0.0463645943098
0.544862859406 0.778683711912 0.839160839161
0.800582363067 0.78111830819 0.756923076923
0.524487366471 0.800057210251 0.432692307692
0.655243415435 0.794380501226 0.744939271255
0.88808787281 0.856330935186 0.298837852795
0.804688457819 0.906028310807 0.400250156348
0.242386499955 0.693088431282 0.902777777778
1.0 0.620187960937 0.894893586112
1.0 0.62034194352 0.910550827044
0.607383955162 0.9386364082 0.462570986061
