T:1607232832.090049
~~~
T:1607232839.80069
0.9383750311641984 0.8755754487174026 0.4331845628773956
0.5041217361425661 0.7949994057441869 0.06113092205807434
1.0 0.8258000870972099 0.29926238145416223
0.7107209478867614 0.8784393778324315 0.11502516175413373
0.726415690981985 0.8287968709896474 0.2680246582685607
0.9880255598894856 0.7892668326673252 0.17011834319526634
0.6835360776309181 0.8809418116831408 0.6914433880726015
1.0 0.6432788183636945 0.8114558472553698
0.4148035329715314 0.892963194196807 0.5673608159796004
0.791857319561484 0.6601843009148206 0.8575031525851197
0.8343290833214442 0.8446790076442636 0.547945205479452
0.6435157019620174 0.7494814114148094 0.8111888111888113
0.9315070108190655 0.7844918431077705 0.4699834771433817
1.0 0.8347932610773271 0.21466905187835425
0.8436139993300537 0.7545311123659796 0.10834236186348865
0.983864193908341 0.843347531237812 0.14570387829440756
0.664880794119347 0.8314724392316103 0.5749805749805749
1.0 0.8191684271457631 0.5499477897667941
1.0 0.9127939321501591 0.533751962323391
0.4916881801262135 0.6427384066544994 0.9662618083670714
0.4801212498933118 0.8833953580439508 0.39453383292924843
0.681666324181076 0.8295671934822594 0.6998123827392119
1.0 0.6097863485015967 0.8584995251661918
1.0 0.8928091312770069 0.36151128023919543
1.0 0.690851496081825 0.8488612836438924
0.6630724878508609 0.8536704904911091 0.3454790823211876
0.5943546678223398 0.8581418023265328 0.5797763067792742
0.7773667860194623 0.8206182614799457 0.11024805813079433
1.0 0.8034524093397143 0.34373435674954117
1.0 0.9281472324157016 0.5069930069930071
0.4389922272583849 0.9305285561508346 0.0
0.306022970882876 0.931772156861282 0.5128205128205129
0.4559593796310362 0.8372004699168967 0.11291460832745237
0.4328770424948795 0.8487647933568637 0.6219312602291326
0.5846350364799112 0.6370176057278689 0.959140610013428
0.5861327289802272 0.7053175516752895 0.7853234631477309
0.6207170051248595 0.8631448814674436 0.33321517192484923
0.8758114765597915 0.7866438430034213 0.3480963480963481
0.6966738563603195 0.8480063934843888 0.11502516175413373
0.8395830760646948 0.8327694011279885 0.7393577296489918
1.0 0.8978434428744528 0.020512820512820475
0.902374825171272 0.933939299796452 0.6451612903225805
1.0 0.8248140006444652 0.8777821163607966
0.4373143980907687 0.8587890476665978 0.026075619295958207
1.0 0.8315558637116061 0.32167832167832167
0.8563522665543075 0.8597926366669039 0.09267840593141793
0.749055330822038 0.8571535033928167 0.04697592483852033
0.24974268505166036 0.7839508650446265 0.42218246869409654
1.0 0.8646215525627075 0.3467365967365967
1.0 0.8675674551208711 0.12019230769230768
0.5072334147320771 0.6061732313938405 0.821195930615531
0.4789496061542812 0.7729239145849005 0.10281797410510274
1.0 0.9230439774355753 0.594871794871795
0.4946473431727015 0.6453613553355303 0.9083263246425567
0.49028847104435064 0.9242187644792556 0.08241758241758246
1.0 0.8370426835495215 0.5063641394576646
1.0 0.8419414076310128 0.5036880927291887
0.5248278088214635 0.8813451344726699 0.06919006919006923
0.7597550455429791 0.8165828110373332 0.10989010989010983
0.4400931200318608 0.8854909566566647 0.170940170940171
0.6965629666044698 0.6980600544638288 0.8432630614115489
1.0 0.8109836966300001 0.7830729681629424
0.5080695559012743 0.7444797583415428 0.6964229186451409
0.7044424219467385 0.8935393845647119 0.455563853622106
0.3367861211619436 0.890472018699827 0.19309908198797093
1.0 0.7992527404564287 0.7977207977207978
0.3149748596573092 0.922772045815943 0.45189134298045186
0.7021645331059122 0.8206388634258908 0.2814258911819888
0.40194435381122007 0.9690059073155373 0.6584776480064437
0.5941624827697523 0.8719833343331501 0.18629807692307693
0.4161512895020296 0.8738996999932989 0.7814407814407813
0.6274917511829443 0.8348601477786853 0.8032675289312456
0.7178186943580657 0.8437589106924159 0.775588048315321
0.6201668757184511 0.8714902809341557 0.45549616546595395
0.2515778916069756 0.8221808842683009 0.6446886446886446
0.7078688383023641 0.8412565678975358 0.37336157818085525
0.4223556167912853 0.8301500249103725 0.592801693719125
