T:1607427834.97474
~~~
T:1607427838.921341
0.3087132450537018 0.8785897423766333 0.04491858506457041
0.45560088527382153 0.6686212835611214 0.8447552447552447
0.3427047624594034 0.8043143615825842 0.754606610119918
0.2892757862169503 0.6227994348522936 0.9567817341668932
0.36511149226437206 0.8163159928198322 0.5562798783137766
0.5847822731104586 0.8432039467616976 0.6759906759906761
0.46934268178208755 0.7957388927404205 0.4800714524952551
0.6338224931794555 0.8761134015130019 0.5698005698005697
0.508000227874304 0.7815658022489445 0.44079515989628354
0.6761418708847134 0.615006630212195 0.933852140077821
0.65606308106447 0.8984549511145119 0.22751895991332613
0.6959711834154529 0.7168243627456841 0.45932484781405647
0.8362495928223073 0.9405934601832832 0.6911928651059086
0.3749498720764955 0.8470781452678788 0.6904906117504542
0.47444526750196825 0.8582250068318884 0.6759906759906761
0.6776747070385017 0.8634088204423276 0.2532833020637899
0.5121312829351352 0.8362049497227223 0.6905982905982906
0.37452802474492713 0.7345346175724168 0.5777080062794347
0.9510626136122761 0.972145596452343 0.67707828111359
0.6624370936583894 0.8068506691344711 0.4095185390149419
1.0 0.8198665915682655 0.1809954751131222
0.6854521588429506 0.7974373217208873 0.7595670660997293
0.24973228518846213 0.7724211896592579 0.013495276653171432
1.0 0.8917102187710472 0.46261430876815496
0.3591849865770831 0.9198779775545928 0.7083563918096293
0.531986432761397 0.8438214510583439 0.06457739791073122
0.8321599452259382 0.6352374620272085 1.0
0.6159679989268365 0.8382113887678968 0.16722408026755858
0.4990120936036322 0.7733820302592487 0.7557354925775978
0.7525065463874239 0.8789501760139043 0.4991816693944354
0.29807267513435604 0.7546628258003658 0.015384615384615398
0.44941117596752705 0.9705465032351137 0.020242914979757148
0.7542330502820407 0.8370914309266645 0.005398110661268572
0.4349404219935831 0.8203448688604611 0.01831501831501825
1.0 0.8674785049176426 0.6301145662847789
0.8011452247640273 0.6536190247759261 0.6088029617441383
1.0 0.9049760899413137 0.34269048487057957
0.672986635008353 0.7852057772574793 0.016722408026755925
1.0 0.8889521040207632 0.600375234521576
0.48842952497196673 0.8613375769832136 0.6279047709380631
0.3372439931319059 0.6367578935344889 0.6237006237006236
0.5270026698344898 0.6480625040678406 0.8155699721964781
0.36359497997733986 0.8419621360911066 0.4017094017094016
1.0 0.8268904666631988 0.5976479660690187
0.49494215966500904 0.7523788849358715 0.16337644656228734
0.35186129366363006 0.8632570183773198 0.44277673545966234
0.49182591401119297 0.8797072579753746 0.5160057333970377
0.7254280273553377 0.865614320398121 0.5045157271877919
0.4020946415230919 0.9162883614467974 0.03707136237256714
0.5782340845642735 0.9623190365969728 0.5153846153846153
0.5349070961307535 0.8186813619132718 0.49923586347427407
0.43930069508324315 0.7266038220681424 0.663018989378822
0.628003830560167 0.8687207514889209 0.5161943319838056
1.0 0.8004691309330217 0.538003663003663
0.2493181294730034 0.8126381999685127 0.3912850155624722
0.6618540620546011 0.8123666245319718 0.4607157548334018
1.0 0.7710958308804959 0.19964768056371107
0.5162180102358191 0.6244637943231579 0.7657500870170554
0.9724342423603529 0.8756774873074967 0.21978021978021983
0.7232822365296979 0.7955374107954055 0.22064379628230318
0.9318367762674759 0.7920179545863003 0.6416698879010437
1.0 0.8185384276100027 0.4117357001972387
0.5066507137472172 0.8099193158916382 0.24506466984343095
1.0 0.8295817482020817 0.21978021978021983
1.0 0.8334632031101687 0.5325443786982248
1.0 0.815611938653581 0.28910686628807425
0.49588815450915674 0.7702962854430784 0.16666666666666657
0.6225353813449876 0.675048481645772 0.09615384615384615
1.0 0.7676593111866713 0.868605079131395
0.5224553455681755 0.8272041672110073 0.4020100502512563
0.8555831807573261 0.9537156774143355 0.5128205128205129
0.621911941738901 0.8004206742301658 0.5519840390157392
0.5783842506995762 0.8324937997732679 0.5381165919282511
0.4038352740146961 0.7814921998105568 0.4102564102564103
0.8500316032541794 0.8497429655728234 0.0146520146520146
1.0 0.8631131022633984 0.44840827449523096
0.4580169611186521 0.7391856994450539 0.5100334448160535
