T:1605620798.58
~~~
T:1605620802.6
0.358647157996 0.945335448211 0.62969588551
0.525215035871 0.704973939618 0.0
0.370103905553 0.840906330237 0.178890876565
0.567725641851 0.816223241604 0.0320512820513
1.0 0.824246563758 0.354800238521
0.667849889475 0.864052246965 0.516369443705
0.482771330968 0.902638022397 0.274725274725
0.398236721277 0.933614928306 0.0
0.241501433134 0.907672790602 0.614091790562
0.666191277469 0.865829628201 0.496277915633
0.724873296146 0.631372370359 0.824045313356
0.766785013691 0.781672959995 0.0
0.259724661933 0.692486846373 0.792899408284
0.470551421308 0.838898973858 0.486211901306
0.659305709743 0.781672486785 0.301003344482
0.455592142953 0.795257925572 0.148541114058
0.334212000943 0.896998622747 0.245398773006
0.597958505411 0.71826710448 0.416141235813
0.533394712893 0.81145932742 0.173076923077
0.364859896448 0.891630008343 0.225437928408
0.565926781504 0.653493299713 0.823317307692
0.2752068279 0.832844338064 0.462427745665
1.0 0.831534146974 0.141700404858
0.232486387821 0.704399384433 0.943396226415
0.271962812904 0.867353021607 0.557413600892
0.897894514725 0.965336117232 0.512820512821
0.285264274171 0.696761346004 0.581395348837
0.819418851194 0.860779848627 0.0292112950341
1.0 0.920684375795 0.674556213018
0.343340427671 0.794546891768 0.703596744552
1.0 0.90751771113 0.0812091134672
0.434972899934 0.834702851431 0.84405866507
0.42040202834 0.828398215812 0.238213399504
0.570543964725 0.951370102516 0.699110413396
0.482670165342 0.779062724173 0.0291191458384
0.298392606057 0.915375519071 0.718789407314
0.271295782615 0.828378662004 0.714285714286
1.0 0.858593207254 0.0
0.285153446402 0.933838880797 0.0777000777001
0.347509474586 0.819503735259 0.678519593614
0.431252718461 0.88484622733 0.74188844331
0.312962095802 0.872180790374 0.570785597381
0.388973580921 0.814662321765 0.058651026393
0.449255464602 0.698031773379 1.0
0.714510212045 0.857283699169 0.332840236686
0.574933513016 0.866480382344 0.278902384166
0.582409270302 0.85516201945 0.508094056481
0.805379500913 0.771708923016 0.538720538721
0.749658241222 0.872821650331 0.110737591457
0.574916422536 0.784948660626 0.0
0.77199192697 0.847345083088 0.144359661786
0.801441084701 0.808156004169 0.520948791842
0.745836247744 0.956239058665 0.73489010989
0.867251062498 0.937730006608 0.654133896029
0.390179827587 0.85163543944 0.515205724508
0.635566395615 0.804013964793 0.705040513522
1.0 0.861611548396 0.57168082993
0.436907474515 0.845237700723 0.232429441063
0.546486028888 0.855417754296 0.246153846154
0.429379869293 0.82345865347 0.627943485086
0.344570021556 0.840071538367 0.553558590942
0.25320326938 0.790103187866 0.643356643357
0.307716953651 0.923443278923 0.45066045066
0.387606262539 0.821282081099 0.489188231124
0.56523469883 0.796956731777 0.232095490716
0.473945839894 0.889574276839 0.251748251748
0.404533477958 0.848818229128 0.26075619296
0.349922602125 0.777350373137 0.493125781161
0.342787429276 0.829044759989 0.853094274147
0.836425761629 0.852455095326 0.608802961744
0.472748174541 0.70070551311 0.859852476291
0.668786339036 0.730853756775 0.442086648983
0.55522501583 0.784422924146 0.163376446562
0.696277604866 0.769055276342 0.620666886761
0.414195892675 0.897407095067 0.683760683761
0.758202245363 0.814032307776 0.783653846154
0.670306663107 0.912093150153 0.618131868132
