T:1607232728.2914891
~~~
T:1607232732.17528
0.3201550595946897 0.8403499597324535 0.4568764568764569
0.28413232541386507 0.8642815269268607 0.1636661211129297
0.38338655905306185 0.8771416533259667 0.19392372333548802
0.6357893126850939 0.7976344263793143 0.42232277526395173
0.2530673720664051 0.8196359730790528 0.7188444743029895
0.5770668235159252 0.8729100917420405 0.4395604395604395
0.3231691103698947 0.8510280638938982 0.586080586080586
0.5993536228671861 0.8787156624954177 0.3131381892443839
0.28466651361142503 0.8448260509892094 0.4218362282878411
0.42002597818564624 0.836114408949301 0.7220940728111522
0.5685652854329337 0.8124493375084588 0.19580419580419586
1.0 0.7626373436773861 0.41841004184100417
1.0 0.8693131922134574 0.1928433683308335
0.3449110218655958 0.755085374359986 0.5612413337735227
1.0 0.9691993163557979 0.07597340930674264
0.6358096021525302 0.713229811816376 0.04962779156327539
0.4113708631191275 0.8115234979043379 0.5525460455037919
0.8459730100938191 0.8355444683542679 0.11965811965811957
1.0 0.916840986595337 0.5634126710359894
0.2646416299318762 0.8964246240460042 0.3053435114503817
0.45696108531073193 0.7044954648599933 0.44534412955465585
0.5894069445965726 0.9535537636924799 0.07468259895444358
0.33558501396868284 0.7952394075114216 0.293040293040293
0.41438028770217905 0.8499580759839349 0.0
1.0 0.8884157612775414 0.4203013481363997
0.4063959465449275 0.8498868974425584 0.4371584699453552
0.628732057485454 0.838844978332029 0.13631937682570597
0.837023621773402 0.8474652481443767 0.0683760683760683
0.8391673864377021 0.8291781506978945 0.2718832891246684
1.0 0.8865847278469887 0.6082289803220036
0.7726796705044262 0.813749164833294 0.013736263736263687
0.7046078602209276 0.768453979386192 0.47536732929991354
0.7730533104298585 0.7839890427545829 0.40485829959514175
0.5417552557077323 0.7986833015088634 0.6401652039235931
0.5791960409550612 0.6112571832135915 0.8402842137781897
0.7215802067154137 0.7623327723325238 0.3595317725752509
1.0 0.7094298497325363 0.0
1.0 0.840191278553054 0.6192148100861794
0.987534569216568 0.8045617748811384 0.3076923076923076
1.0 0.8121376583223286 0.0
0.49777348923322173 0.8229592183727544 0.6648813371502447
0.4201648937428111 0.8220335220253437 0.35130224106602065
0.7252649645109668 0.7815266269051434 0.42735042735042733
0.47547545563241583 0.7796864912815425 0.25240384615384615
1.0 0.8597590365312837 0.0
1.0 0.877837041640389 0.027770063871146954
0.9390428789438922 0.9104699351934363 0.20126215248166474
0.7821607992233461 0.7723660249009937 0.079185520361991
1.0 0.6273516714115511 0.5698005698005697
0.4305252498285079 0.6551173366631152 0.9352304728027271
0.5976456078482234 0.9426434107465277 0.5156854318865491
1.0 0.8458465462297537 0.35276825085742275
0.7001199212088287 0.8035163887913688 0.6237006237006236
0.7396715315171505 0.8580947557968531 0.07889546351084818
1.0 0.8151593907714548 0.25691400936980496
0.572351853471919 0.8835834921808037 0.6244830438378824
0.8151390510988771 0.8746328903412081 0.6290261462675255
0.6229706343250434 0.9435160965041168 0.6743198047545874
1.0 0.8791409616241778 0.40615384615384614
1.0 0.746136193190104 0.8191808191808193
0.8169846700421719 0.8486729600774148 0.3639371381306865
0.45282923279039217 0.7733180858851806 0.29585798816568043
1.0 0.8462642763331416 0.6659012629161883
0.6035108969331342 0.8866152134466477 0.016906170752324538
0.6597969202992467 0.8289872301249529 0.5332167832167831
1.0 0.8661346181367885 0.028228652081863093
0.6143781542564775 0.7517629030913326 0.7692307692307692
1.0 0.8643732004150934 0.14410905550146064
1.0 0.7622476855359072 0.2117148906139731
0.9236513233127226 0.7790214841842131 0.6258148631029987
1.0 0.653884517409399 0.8058608058608059
1.0 0.828030925934457 0.2789518174133559
1.0 0.8111711117424236 0.5581489750355185
1.0 0.8137025954554018 0.6327543424317618
0.8503982481929048 0.6638354883837636 0.641025641025641
0.556209693771938 0.6363113101217647 0.94804318488529
0.5904341684797489 0.7011086989318367 0.8846153846153845
