T:1605620821.32
~~~
T:1605620829.03
0.459401395677 0.918031161759 0.137772675086
0.466249228425 0.617602504797 0.860405417367
0.532452231704 0.831242818204 0.516129032258
0.528090344515 0.905592344809 0.409713743047
0.697305095389 0.758188070392 0.618194590797
0.737106087657 0.792831790374 0.762108262108
0.512546218407 0.818485285653 0.360195360195
0.993248999762 0.731293582705 0.532285233015
0.425300962605 0.845971125432 0.824877250409
1.0 0.821713101914 0.624483043838
0.437916465288 0.827059108008 0.179937022042
0.611445998212 0.928624325897 0.484691117603
1.0 0.648005499032 0.930125651241
0.796707148547 0.878831482681 0.0961538461538
0.780001449889 0.659219883916 0.890777730557
0.395364132009 0.76743880622 0.0330851943755
0.947512578663 0.845473710744 0.1015486164
0.362876731296 0.757421432587 0.518447070171
0.4506302779 0.832204992671 0.739856801909
0.368503082579 0.763621640198 0.252206809584
1.0 0.796948090715 0.03108003108
1.0 0.922067591404 0.393226176808
0.739346988679 0.879005625775 0.323886639676
0.540975541695 0.7150729701 0.505795574289
0.400802452513 0.86048275109 0.11655011655
0.794247044534 0.733404085921 0.800679983
0.837402568526 0.814388551501 0.290824487422
0.965968563359 0.805554908927 0.0471394900364
0.821786343242 0.807782221537 0.215243472124
0.180263170279 0.74356891177 0.277915632754
0.637414874293 0.831878966827 0.262373285629
0.329829396772 0.851493288908 0.37444037444
0.730022835915 0.647096517471 0.829562594268
0.319775337182 0.646999679448 0.753329357981
1.0 0.783795440099 0.355467083748
1.0 0.839932721017 0.558823529412
0.416168034338 0.674350534832 0.680873180873
0.779926361562 0.754462369105 0.467032967033
0.557348953249 0.913031598799 0.652739000674
0.559405469819 0.797667462121 0.650277557494
0.914217442194 0.818166032503 0.704589528119
0.771031327142 0.911272496457 0.412633723892
0.848179928455 0.71120768233 0.377014290058
0.345109907032 0.832639007333 0.131492439185
0.733407764866 0.636004832148 1.0
0.910957621261 0.791917232366 0.854700854701
0.500607815446 0.764258226868 0.0
0.956450368313 0.75162608241 0.847038019452
1.0 0.887741265892 0.645604395604
0.459969513911 0.886242927143 0.574957888827
0.81622482947 0.828323401579 0.0
0.30665149863 0.700686846117 0.538041193779
0.519350021119 0.715069250608 0.0732600732601
0.328776168286 0.772051847014 0.311995696611
1.0 0.667154099038 0.545617173524
0.87499383716 0.857540595972 0.13698630137
0.487503463909 0.770886471175 0.0258564964447
0.314411895905 0.743917333836 0.0320512820513
0.669785676356 0.8178258677 0.028265697557
0.738290907933 0.752260642821 0.0594000594001
0.336368324892 0.832537220801 0.0585097229393
0.327069965172 0.825447870381 0.0527472527473
0.361603976969 0.901360968238 0.509033064424
1.0 0.815420488618 0.642735042735
0.318966539683 0.600502890079 0.931580981832
0.391845856008 0.591773459457 0.736105999264
1.0 0.778499372335 0.22792022792
0.372635144404 0.768591724958 0.0197872866683
0.198233355579 0.770285086499 0.21978021978
0.754458575028 0.896856759176 0.0274725274725
0.601253305899 0.927438849343 0.683971201213
0.744315671887 0.79886459258 0.778498609824
0.567090411886 0.712630532538 0.83025533965
0.548667687652 0.711388215179 0.740740740741
0.756803495993 0.920047335403 0.710761922163
0.5830162454 0.816264569809 0.299432111513
0.665696676321 0.703064845443 0.726312314295
