T:1607428187.9797592
~~~
T:1607428188.530337
0.2952648501977565 0.19318846000984832 0.8547008547008547
0.423642675898115 0.12572700030540754 0.8097165991902835
0.1875541298172538 0.1399716869735847 0.1923076923076923
0.12650139899418958 0.06027283953170966 0.3846153846153846
0.15924472272914647 0.1863742499319849 0.879120879120879
0.3436175881303377 0.08018471448094232 0.7692307692307692
0.6168167330655606 0.09155291009178573 0.7032967032967034
0.3122036686854504 0.10796545521585615 0.923076923076923
0.34389775813368184 0.018723923787604523 0.8058608058608059
0.16993900265000417 0.08924082173280334 0.49773755656108587
0.2644206275055742 0.14016041004146487 0.1564537157757496
0.2980555012600729 0.13913657638030477 0.33898305084745756
0.21081281904447638 0.13894834902417894 0.5429864253393665
0.3137324845961505 0.16663640429906423 0.7925407925407925
0.5273262368074733 0.1564064756137264 0.6153846153846154
0.19364839642440038 0.17575886708166663 0.0
0.30619170148068303 0.10035360855950011 0.0
0.09832748335992147 0.1476957439268394 0.9049773755656109
0.3015647813318465 0.07810867904577254 0.7692307692307692
0.13100191900946526 0.019521790034022768 0.0
0.36018518378940323 0.031605720454280624 0.5769230769230769
0.3463804855774467 0.06355982335263688 0.33136094674556216
0.28651269464902146 0.07504925258540582 0.8264462809917354
0.4108648476242687 0.07331446637864178 0.6020066889632106
0.3328570980260217 0.20785270117424054 0.7384615384615384
0.12325056904131895 0.09475580217783101 0.7692307692307692
0.19546171950085883 0.14883567354955457 0.4895104895104896
0.06705675627820067 0.045374030379859355 0.0
0.17839688407001267 0.06377688744208426 0.6769230769230768
0.16524474257007157 0.13761586351510322 0.5690200210748156
0.29448294932753455 0.062399345034988486 0.7167832167832168
0.26500386558941647 0.1608411806659032 0.6477732793522266
0.6005877073491155 0.060999510118075875 0.4786324786324786
0.11870388841689501 0.13784906125551769 0.8615384615384616
0.3531613058998319 0.0241277173864185 0.0
0.15413224552737473 0.1426007057150255 0.9401709401709402
0.30390382491707785 0.14751920492546844 0.41958041958041953
0.3918308180983631 0.08001909070491112 0.18761726078799248
0.29778319930303665 0.13888031843059154 0.5917159763313609
0.14731883671716067 0.056338960864032374 0.0
0.2567517378791452 0.09855692909356538 0.0
0.10944020871305062 0.145741112636392 0.8205128205128205
0.21138885963964293 0.016323089057218576 0.0
0.14943608869608746 0.060087990794294326 0.0
0.2541537126902145 0.06409754058752533 0.19980019980019986
0.17772993775280493 0.10989001988632699 0.6477732793522266
0.26641567145485046 0.008699301646829687 0.0
0.12275223686759307 0.17281164588594508 0.7692307692307692
0.33936824515568614 0.04551955270338883 0.5714285714285714
0.5135932326687496 0.05035166445195353 0.79002079002079
0.12057293247785487 0.35316159285103443 1.0
0.4284238203027275 0.08578177942146976 0.1577909270216962
0.14041317809901485 0.024146931314361155 0.21978021978021983
0.07922656459235923 0.07106414517294261 0.6451612903225805
0.2740746695483454 0.10472170017894848 0.879120879120879
0.13403624555770383 0.06222762941145528 0.6923076923076922
0.2155573168443198 0.09076860960122898 0.8284023668639052
0.16836241743036806 0.08580424580355954 0.6971153846153846
0.45975163069487857 0.15631822793839997 0.0
0.4091107903090547 0.06561249288961465 0.0
0.29106449493886266 0.028695955192598523 0.0
0.9030662755912008 0.010847484011424768 0.0
0.27696411736818194 0.011813592395107455 0.0
0.20176118518254052 0.08254338650233935 0.6366047745358091
0.6972438870503017 0.07017944550144659 0.0854700854700855
0.29339532155898995 0.019535912376337387 0.0
0.3653607579058785 0.022979108558796195 0.7081807081807082
0.36228965982834166 0.08808932998032014 0.0
0.22117542147901342 0.08374671884361855 0.1538461538461538
0.37160965790374556 0.058291160162960196 0.8
0.25978480516337005 0.11529283088315992 0.4307692307692308
0.6657072761254343 0.0859589498866355 0.4582651391162029
0.1790868340757472 0.05594323576836869 0.8461538461538461
0.16248916092607482 0.035521188773859826 0.6095791001451379
0.16470333000701665 0.16618849200431077 0.5128205128205129
0.2126423923515051 0.043565317599840725 0.18648018648018647
0.22030775163581076 0.032706765187076846 0.0
0.363620491269374 0.18044387897984238 0.9049773755656109
