T:1607232921.1189
~~~
T:1607232921.916696
0.8326844368981897 0.05951296233649508 0.0
0.7283731071271142 0.15540533901152304 0.5016722408026756
0.7097966500904687 0.08180774598572123 0.4395604395604395
0.5605276980391997 0.027814365095734414 0.170940170940171
0.4429990883529605 0.03910800979541694 0.0
0.4949827043386952 0.03802957394336543 0.1846153846153846
0.48648789636469686 0.08642212724820846 0.25641025641025633
0.7030232126272313 0.060218176748028894 0.0
0.3225621571565717 0.03879128462410231 0.33936651583710403
0.4432506843870211 0.04776542245139491 0.0
0.7962933510460922 0.20028841971880104 0.7925407925407925
0.979117012560648 0.009781171148475527 0.0
0.5530101315014171 0.16234176955579907 0.37606837606837606
0.48938430638692826 0.06572452880691637 0.0
0.49418674254507156 0.1431687118756537 0.36630036630036633
0.5233336147161608 0.0794064150419522 0.06279434850863429
0.26820245755698013 0.019808139194912155 0.0
0.40637551385140963 0.02429635874331458 0.3161222339304532
0.45367055673728013 0.06817646906022347 0.0
0.5949166651041238 0.11094324409657425 0.4807692307692307
0.5306685644848544 0.04012342464254764 0.07326007326007333
0.4137324614200226 0.0910257007820898 0.7692307692307692
0.34481183472506677 0.13518421073319895 0.6974358974358975
0.396091420361226 0.137368114236337 0.392156862745098
0.2330010122465282 0.16156472936132635 0.8259109311740891
0.1447851125053442 0.14009326823854695 0.0
0.16292847570997446 0.03783060948821399 0.0
0.3403631792507642 0.12455962985308584 0.09324009324009315
0.6356477135485286 0.1550944337574632 0.5594405594405595
0.244553863055125 0.10447698240300103 0.04273504273504275
0.5695328185773759 0.18062630069067848 0.5731523378582202
0.04579326661508795 0.22401046043330233 0.5594405594405595
0.2796296964669657 0.05960958793345129 0.12820512820512825
0.41935239004613206 0.05136226811583735 0.27397260273972607
0.577235994207735 0.11937778009923097 0.40133779264214053
0.2571695943897006 0.08362372461755213 0.4797353184449958
0.40496687087680644 0.06288835096213523 0.2166847237269773
0.3694626393065756 0.0853937434395069 0.2024291497975708
0.35248245914388754 0.16071131228560584 0.6818181818181819
0.325689079303188 0.1882692505468886 0.10796221322537111
0.35011260676388145 0.11650730551666116 0.7513416815742396
0.2889431284094734 0.16278951572182795 0.5494505494505494
0.28781172029062574 0.1308183017237043 0.334448160535117
0.43490428818045346 0.031136103573124862 0.3605769230769231
0.24827884190028482 0.0561701894276645 0.0
0.23178884755109608 0.04256839497715334 0.0
0.23049404941302834 0.025171434510956128 0.27972027972027963
0.24546185149104222 0.04459519474985685 0.0
0.29506630427143715 0.050095922335149055 0.26373626373626363
0.33286604871737685 0.09355472792866304 0.25641025641025633
0.30535153193167375 0.07564049841990296 0.1923076923076923
0.3462021746392347 0.06626184978343742 0.0
0.5174642168525584 0.12846236681038062 0.06993006993006987
0.16639641528651405 0.02960135275446125 0.0
0.20149363187941582 0.022852318714824883 0.276923076923077
0.20733210358420348 0.1653730695003069 0.8155699721964781
0.30711990357527574 0.04245607809674534 0.0
0.47860751667121715 0.035847370995739175 0.6837606837606837
0.15423835714812376 0.014914182774917899 0.0
0.20725241391331553 0.048027184063323805 0.0
0.2609409492197222 0.20738790799023982 0.9549071618037135
0.44862920920908594 0.023324304495648027 0.0
0.15427327501911037 0.13032403198833556 0.6593406593406593
0.3442400211816473 0.09517053208684853 0.5203619909502263
0.3653989014482568 0.03764350324459526 0.5039787798408488
0.5202633407507241 0.06531394280129166 0.8316008316008316
0.2356886104250642 0.056568565780330225 0.0
0.07941256627073234 0.0701311550668723 0.2366863905325444
0.14883692190834302 0.13400099811512373 0.0
0.1943108332262638 0.049092387421200465 0.0
0.34182510647905207 0.016119080913730155 0.0
0.1906829816726764 0.15940913736480974 0.4487179487179486
0.21415864656915035 0.16770745923874097 0.6153846153846154
0.2577804350073522 0.10666316911362994 0.6334841628959276
0.40427095925662054 0.15432884497252966 0.6153846153846154
0.33081946739604573 0.11509535481360197 0.40485829959514175
0.4481213408407221 0.1393812604212449 0.20176544766708707
