T:1607233098.3888152
~~~
T:1607233098.8334699
0.3582396366039875 0.10974434740066637 0.5668016194331984
0.5374605503452552 0.039027847915120546 0.0904977375565611
0.6027354949427012 0.02503131529834787 0.0
0.36572370074062915 0.04940594716903589 0.4970414201183431
0.9370947136419217 0.10851496217958494 0.0
0.48351731524711955 0.15406498759355436 0.586080586080586
0.3961931692668038 0.033874003315173935 0.4651162790697674
0.3930802976505115 0.03939577462039783 0.8234019501625135
0.5160356908769453 0.06045270744724861 0.07326007326007333
0.6927421035905098 0.08101852498753441 0.0
0.3662410128004854 0.11923088399782036 0.3384615384615384
0.10494909446045377 0.018815519968376413 0.0
0.4631049773466033 0.06369417256397567 0.3076923076923076
0.13618750283294048 0.021832197596526486 0.0
0.16798567752002225 0.0815533898917006 0.3846153846153846
0.6969425292602398 0.06776371052464457 0.15009380863039395
0.6567250602762345 0.033138107915102584 0.5538461538461538
0.39273352291523694 0.14662969639865306 0.5185825410544512
0.417363727347238 0.05449002103824406 0.3525641025641025
0.44994324679515874 0.1567325324668023 0.0
0.36628696366916325 0.13021617437794938 0.0
0.16237464108937125 0.04746013339853504 0.8284023668639052
0.23567538118105566 0.07311695762517287 0.0
0.415609118987504 0.14411585627221557 0.6095791001451379
0.7993366845599497 0.1731860071414404 0.5029585798816567
0.20158483568529206 0.10389715611120835 0.0
0.48446838955509197 0.04139748677075006 0.7334525939177101
0.17757940858523705 0.08358379052760632 0.26755852842809363
0.24788039498444908 0.08965789414261469 0.0
0.11079112223486043 0.032572898370702826 0.0
0.32046475756899556 0.06416283791860164 0.0
0.4981224311796756 0.18893018001187306 0.746606334841629
0.4675953222225981 0.08006688621432295 0.0
0.21786933367992675 0.08485476451487894 0.5906593406593406
0.3120580369924222 0.3365862319236828 0.9615384615384615
0.08570617560369004 0.1271722098391581 0.673076923076923
0.7564605945709492 0.12542278105050153 0.0
0.14490105759581362 0.1049086595013344 0.1398601398601399
0.12575382639068625 0.03352629007860486 0.3076923076923076
0.4033475864679267 0.1530782708825375 0.23411371237458195
0.21799487986524743 0.12611124786234734 0.1398601398601399
0.2975803033888648 0.12339744939851366 0.05215123859191659
0.43004440291574453 0.08273808642191849 0.2366863905325444
0.351851828360016 0.10231462043384242 0.2393162393162393
0.12277619645727847 0.03370939356793636 0.0
0.29557270442908595 0.17235108798274343 0.7100591715976331
0.0733672083830645 0.08332183760804183 0.641025641025641
0.10468581503910544 0.0742490866675692 0.3846153846153846
0.07633861874299176 0.06804688061076036 0.6809583858764187
0.21137564870542053 0.015992464705399945 0.0
0.15057377798476876 0.08038265787599237 0.8205128205128205
0.4122155525873306 0.08402984951476591 0.2024291497975708
0.17173327100616045 0.13540777081478036 0.3846153846153846
0.12859408365168973 0.12304392797744011 0.923076923076923
0.08557626892017835 0.07412047780097314 0.21978021978021983
0.22061955187772564 0.1352511697462203 0.6993006993006994
0.4073607030708185 0.1844757289467888 0.33566433566433557
0.310461234693612 0.08580578845022756 0.37606837606837606
0.2720737887683094 0.05689297552651589 0.0
0.28809240065818487 0.06713575617670514 0.0
0.12606824108940984 0.10469560293847745 0.10256410256410253
0.2875595377113695 0.08463935338828801 0.0
0.24225226341420103 0.15342520263256745 0.3076923076923076
0.16000754723055594 0.09274264759115287 0.0
0.12713201163256987 0.018752188169450314 0.0
0.37963872902439827 0.2678955420084672 0.717948717948718
0.2763132143495567 0.1325289536461037 0.9615384615384615
0.10416713596053565 0.09593594382555788 0.7100591715976331
0.3269193792662198 0.09413577328160823 0.1465201465201465
0.13525247054483563 0.04355035301598928 0.0
0.12217057181979069 0.08332456223989593 0.3846153846153846
0.12680485807456116 0.13447566256712143 0.46153846153846156
0.2414819863000116 0.10993504891759828 0.1538461538461538
0.3021969499105527 0.21169748542490113 0.641025641025641
0.10604012426289285 0.033697310501897365 0.2429149797570851
0.19873839044201208 0.12462568306723845 0.0
0.18804663254715542 0.05613172456920898 0.0
