T:1607427437.286894
~~~
T:1607427438.001587
0.39738152050479225 0.06083121644893822 0.608974358974359
0.5488425481057481 0.061037308063394614 0.5724508050089445
0.2673528216697474 0.04607372766865039 0.12820512820512825
0.4009860383598272 0.06374848167543096 0.1538461538461538
0.8209605779926145 0.06818273510063319 0.5515239477503628
0.28164031942756396 0.03534726189418715 0.9049773755656109
0.43168954297484624 0.028886275452232168 0.12820512820512825
0.3385830980061027 0.07294124974974298 0.2447552447552447
0.3749694027208156 0.031184164761646364 0.34188034188034183
0.5199609958830281 0.06167862293590803 0.0
0.2872378374322074 0.02298637129278628 0.0
0.4425151261260356 0.06129965840081282 0.0854700854700855
0.7839616522986621 0.09731634113693172 0.804516584333098
0.20204098164524487 0.024909554008278247 0.0
0.6814084177878875 0.0778139113590491 0.33182503770739064
0.5127018494165027 0.11485175575513334 0.866738894907909
0.2870451954423337 0.015383396873982493 0.21978021978021983
0.429041551551838 0.006755507897745166 0.0
0.5178156431195639 0.051772683076989984 0.5811965811965811
0.16908017585732601 0.038815284296347875 0.0
0.47024268813426884 0.06228004489478103 0.4826546003016591
0.2085760942390121 0.03814809740903408 0.0
0.22272274415884732 0.19378679914055683 0.4682274247491639
0.29746824752318485 0.07225519831269528 0.0
0.5720584392933225 0.06704175373724301 0.4395604395604395
0.3781507935487845 0.03508542328192009 0.5668016194331984
0.28371860284067835 0.1025555936607357 0.8623223909848113
0.377112851152234 0.11612723275329791 0.6446886446886446
0.34090751497437866 0.12407940765844537 0.923076923076923
0.29613650339132125 0.12889208112445777 0.0
0.19134356595535476 0.04490216559657423 0.6769230769230768
0.1593269920757267 0.0030790379337955875 0.0
0.35088051977183565 0.10889994168399086 0.35714285714285704
0.18339952836103726 0.02993610258540423 0.25641025641025633
0.36534123111649947 0.0647208495107838 0.4524886877828053
0.17184021864771815 0.12078436878181173 0.5429864253393665
0.31026341416364195 0.1126137103062806 0.1846153846153846
0.2811589889802347 0.05540431044504064 0.34188034188034183
0.30395265461384663 0.1044292829844819 0.6468531468531468
0.17193671495962304 0.026260394702996334 0.0
0.29769941912490966 0.2963640699639336 0.0
0.30872782474157834 0.057337475076891804 0.8058608058608059
0.390746892620232 0.09757758551882006 0.0
0.540097662371386 0.1256821594232522 0.5494505494505494
0.1388512557438765 0.04384281858033714 0.0
0.18904493523337806 0.07332858431005444 0.4888569374550683
0.43069643440626404 0.007676842450971952 0.0
0.3516121303479597 0.0687072370390664 0.10256410256410253
0.21798982067584413 0.13967839988827369 0.1255886970172684
0.512900943100909 0.1769329200908917 0.8144796380090498
1.0 0.0836493874929015 0.3778677462887989
0.7795285348078549 0.17314387220108665 0.2447552447552447
0.44930688928959567 0.07192050917370027 0.6993006993006994
0.22350817740782344 0.20498641541447443 0.7087294727744166
0.2380968672049621 0.119231361988584 0.5128205128205129
0.49258625768779213 0.0831014365281229 0.9829059829059827
0.3572108374380692 0.06598845333124652 0.7977207977207978
0.3633006011802067 0.190855525517751 0.641025641025641
0.1613944601988342 0.17845451584956795 0.641025641025641
0.1335719368448157 0.18056976033764408 0.1923076923076923
0.1917657390538594 0.01674147213863275 0.0
0.12121715407336384 0.13647891690543099 0.16194331983805665
0.37131407466247557 0.24207835039365747 0.5253283302063789
0.23979126358119765 0.009495668585650019 0.21978021978021983
0.1692291909937698 0.16267423322482338 0.23255813953488377
0.09882290498227965 0.07544403508657228 0.5128205128205129
0.41784348050088255 0.10720054732730903 0.34188034188034183
0.16401737225911045 0.11203453356550026 0.3076923076923076
0.10970524803409391 0.13421783906931956 0.0
0.6768260192778267 0.1256881946137811 0.9194355939918069
0.4559498077427163 0.1034919120857896 0.06410256410256404
0.2782217310327986 0.01383087968508834 0.5128205128205129
0.5527460300615217 0.05227137190712677 0.4909983633387889
1.0 0.02834049316540791 0.0
0.12992271501694796 0.04281940102560809 0.0
0.19175113512650802 0.050837531943576736 0.0
0.15195413963251417 0.05448387153047598 0.4102564102564103
