T:1607578728.0422862
~~~
T:1607578728.904757
0.20669276818605384 0.06707865204986944 0.0
0.17106387097249223 0.12269750327275303 0.6334841628959276
0.2074637234363349 0.14639624074807536 0.689655172413793
0.4625846888567532 0.1183976730305076 0.026990553306342865
0.06669560663673436 0.08639875727464481 0.34188034188034183
0.1211021565705096 0.02513215212806246 0.0
0.3297488843775745 0.08206576445806564 0.3238866396761133
0.25107137035182914 0.03916680455621324 0.20512820512820507
0.14920906839097978 0.13175234948802572 0.879120879120879
0.4435718990516278 0.08863959674661613 0.0
0.11307577892045072 0.06849895330583984 0.44665012406947885
0.2793724214404187 0.06555850082387571 0.12307692307692301
0.11836074420926262 0.04553492874171775 0.46153846153846156
0.19992526461144014 0.12354526757346813 0.0
0.17221084147069976 0.049098271892752246 0.46153846153846156
0.29030781707884035 0.06205954505249221 0.0
0.2077487506145202 0.0575947604862394 0.8634222919937207
0.11006977587560532 0.10792728314982443 0.25641025641025633
0.14554778870900761 0.12364795789674453 0.34188034188034183
0.17327917951217586 0.26973428668794186 0.6327543424317618
0.3482194903493444 0.03593997531113161 0.4945054945054944
0.16216591834965657 0.07942723241172814 0.21978021978021983
0.1583567636382227 0.08293721617196707 0.673076923076923
0.26674433370971457 0.24093980042079474 0.79002079002079
0.25192840674567957 0.06939046657778718 0.2366863905325444
0.24598234489662393 0.06611093124235277 0.4807692307692307
0.15327300560805993 0.17801689844070395 0.5917159763313609
0.5526745058570544 0.07382248290902203 0.5128205128205129
0.17012775238986724 0.1308302525058569 0.1538461538461538
0.3701866299118884 0.034553969258897775 0.0
0.11758333942900007 0.23474761661502722 0.6153846153846154
0.31061513920489264 0.19221250038162585 0.4895104895104896
0.40904592116646 0.041529859862084066 0.26373626373626363
0.2305342494900456 0.16426826402876152 0.9302325581395348
0.992651568780981 0.18740323814550217 0.4255319148936169
0.20904023003386749 0.02781735012803496 0.21978021978021983
0.11900058952589902 0.11470368098047928 0.717948717948718
0.15062748509652013 0.18014112507033825 0.6787330316742081
0.32342090003661395 0.020034663964278207 0.05044136191677181
0.09838375695642569 0.25931025697265164 0.8144796380090498
0.20584485559204052 0.0 0.0
0.6291154701611118 0.147330856842227 0.7313997477931904
0.10902722014442402 0.06696850099040959 0.0
0.22983507440878603 0.07832245326007317 0.5413105413105413
0.16020938659389486 0.17749374369003257 0.34188034188034183
0.22245898890516405 0.11163347165733005 0.0
0.299887492374366 0.11244250527683647 0.1923076923076923
0.3259068547873008 0.0408733660925171 0.06688963210702337
0.34319690561625654 0.07532221800894967 0.9401709401709402
0.49720967636559615 0.030580682489914794 0.0
0.3693910129249823 0.09663589264274337 0.5668016194331984
0.548188807703329 0.11008530795246727 0.4081632653061224
0.43805424470404775 0.09830865614593502 0.3174603174603175
0.565449325118112 0.09375521326237948 0.7438715131022823
0.31017239796145546 0.1943918372792849 0.5128205128205129
0.4222750259037171 0.034199125623903814 0.7977207977207978
0.23124838495640934 0.06343739780734992 0.0
0.15489471395545426 0.13440809716959537 0.5594405594405595
0.3071072800736921 0.1717103142067554 0.20790020790020783
0.17257713103228794 0.07231332154231726 0.9049773755656109
0.30169580210078095 0.12129228097516266 0.23468057366362455
0.20550743176198816 0.03297808672745127 0.6593406593406593
0.6463628015329438 0.11046344678743199 0.07155635062611802
0.667526341481457 0.0970437368757168 0.0
0.1369114279351307 0.14603599945858042 0.6334841628959276
0.5687342608520544 0.1173346843751014 0.603318250377074
0.5763600616348986 0.09759294869249202 0.27350427350427353
0.1415128557600282 0.08821250734699415 0.9615384615384615
0.35547139781128106 0.11301307190124804 0.3944773175542406
0.18586350108219135 0.048579932348626426 0.0
0.31383436185445884 0.2894183330134938 0.8205128205128205
0.40547882664805884 0.06514652378122449 0.3619909502262444
0.2098001014948365 0.06816787260002043 0.1809954751131222
0.4629433629684762 0.16968859173318981 0.33530571992110453
0.46805274642120803 0.08828497345358559 0.0
0.18738698116453129 0.10177203245406577 0.2366863905325444
0.39708469742601754 0.11978214969486368 0.5394605394605394
0.30376265996970875 0.08788082179824488 0.293040293040293
