T:1607427137.669986
~~~
T:1607427138.140712
0.32470607269753393 0.0737679240364096 0.8284023668639052
0.5555945860860426 0.04280751174635064 0.0
0.3703220366026213 0.06348968232657039 1.0
0.6140847137051136 0.05501112091640234 0.669683257918552
0.37837406305359084 0.034988379749245464 0.46153846153846156
0.3488761874519682 0.02358055146309522 0.0
0.46942368064089834 0.02307360504854694 0.6153846153846154
0.545231282099649 0.09451189294147709 0.4962779156327544
0.2788111140458361 0.021204744843091716 0.5594405594405595
0.5552717443001411 0.13714054191362227 0.4733727810650888
0.3985790246599928 0.07258996766503308 0.0
0.6635109678925838 0.11141699206441037 0.728744939271255
0.6670957452475003 0.005388232022324033 0.0
0.3277837346571202 0.0942405519740519 0.6153846153846154
0.43419836469548256 0.0308115837536771 0.0
0.2458791519545455 0.09336582183330747 0.34188034188034183
0.4059482746426085 0.06691262028726465 0.6477732793522266
0.48893880718969024 0.04758746800078548 0.0
0.5845382499150285 0.023766952455411987 0.0
0.47898703406632537 0.16467826828308577 0.3076923076923076
0.22402914041289762 0.06215376913509565 0.0
0.4029998964181399 0.14986390908558928 0.5594405594405595
0.2598532698642784 0.20984936747848262 0.9615384615384615
0.6284531738957053 0.062467724247606195 0.14423076923076922
0.2517286622586261 0.036244946271701356 0.46153846153846156
0.3777443062556287 0.05480751735297194 0.26666666666666666
0.513789488888396 0.07346018318376113 0.1431127012522362
0.2841742685617517 0.0403008832536573 0.7357859531772575
0.41241657351949224 0.01554679890633356 0.08316008316008316
0.4310598198725961 0.020970560112766323 0.6390532544378698
0.37153389641316953 0.05020839460858866 0.3692307692307692
0.3777909868717489 0.030671283191732814 0.0
0.23128435184763874 0.17305297138051925 0.1846153846153846
0.24654326255341327 0.02068124715613367 0.12820512820512825
0.6243694691013042 0.12205033628290904 0.7017543859649122
0.6323322372901984 0.06880025952334311 0.0
0.3350235140233045 0.11812556359990029 0.286831812255541
0.12521936142197584 0.010986531154856578 0.0
0.35678393901034927 0.1479550446881041 0.6593406593406593
0.19375754220528674 0.11761963147532085 0.6837606837606837
0.3155087940107013 0.12594144646537062 0.28846153846153844
0.296639974978419 0.030670851847533567 0.0
0.1643205144324184 0.14930563531350727 0.8731808731808731
0.12401075905389464 0.054077365741413974 0.34188034188034183
0.17065170640560573 0.08693953644366822 0.41958041958041953
0.32125132359913583 0.06693325999093987 0.5417118093174431
0.20414438463590098 0.023880245801718915 0.0
0.3116412140782349 0.05808871314786786 0.0
0.3400236934696578 0.08562328798593676 0.8144796380090498
0.32336071187974263 0.2118318036480893 0.5325443786982248
0.16396342178105222 0.15944681442293585 0.6153846153846154
0.22287324999968644 0.028645115837919417 0.757020757020757
0.18747494891623906 0.02031110460233362 0.0
0.28066658418741824 0.013906294390029694 0.6627218934911243
0.6604788602137078 0.08717937476098583 0.8219178082191781
0.334056447764048 0.12275512134863523 0.7692307692307692
0.09943313271087949 0.09698916957147166 0.7692307692307692
0.18380754621784665 0.01131064195865791 0.5917159763313609
0.22962095522135337 0.02692448786887696 0.7925407925407925
0.25478253426429837 0.02941404445920012 0.1398601398601399
0.1511121989394726 0.028414186196608706 0.0
0.22371072804889885 0.12799683640265944 0.5039787798408488
0.15896499833482253 0.03378646013800859 0.0
0.5810085333452404 0.13700473553555081 0.3384615384615384
0.0746834987536749 0.07127733455635951 0.7692307692307692
0.3493529911621638 0.025080092839335134 0.0
0.12275336809763074 0.15321227381621308 0.8391608391608391
0.33912761385625273 0.03091409462915529 0.3076923076923076
0.23208097055111154 0.15627377567635692 0.7692307692307692
0.14318062374645893 0.09409722304876483 0.3846153846153846
0.3993445294160773 0.04841530962279224 0.0
0.2624427727677087 0.040118914908078764 0.6193806193806194
0.20754611764896516 0.09165188069757493 0.8173076923076923
0.40844474029150923 0.04468314706744295 0.2941176470588235
0.32450589689574677 0.018666013778031138 0.25641025641025633
0.21518257973103075 0.05224943768325623 0.8097165991902835
0.2824146774705965 0.038048570983158746 1.0
