T:1607427838.924128
~~~
T:1607427839.491067
0.12378455259480341 0.11535743577902356 0.879120879120879
0.16821190814953624 0.20461774621398898 0.9686609686609686
0.16814702229849404 0.14407743144158333 0.8205128205128205
0.10042552035995568 0.09602183015703909 0.5128205128205129
0.20189082917934134 0.16048131576725752 0.3076923076923076
0.3055464531884068 0.07061540672444767 0.0
0.3771423895226809 0.05214777136144124 0.0
0.4091810382246057 0.0995240626823592 0.0
0.2843476417754968 0.10893896001265653 0.641025641025641
0.09873055842561386 0.11545531615586248 0.6593406593406593
0.25437099475197666 0.08327622310591064 0.0
0.1994396811028568 0.07492914394879885 0.44534412955465585
0.17605863534904098 0.025954263668792294 0.170940170940171
0.1319515827001575 0.10705473672679854 0.06546644844517177
0.12903015922901226 0.1941561814938683 0.08791208791208793
0.205106273189838 0.08566639881511327 0.5668016194331984
0.08809569118990127 0.056028742308865835 0.25641025641025633
0.25749548889290524 0.06948460133821048 0.0
0.4515267584483989 0.06692893498879567 0.18315018315018317
0.11240031631141306 0.3660615695672533 0.9049773755656109
0.20927857549411674 0.10817474345881761 0.7692307692307692
0.260169524416718 0.04837077353989543 0.25044722719141316
0.15338964675186417 0.08040598760454995 0.0
0.17774174857610164 0.020712972776372185 0.0
0.2307141072096303 0.043697003969130746 0.0
0.08807859971677848 0.0365299093153239 0.7100591715976331
0.5057813085803367 0.10301795836662735 0.22514071294559101
0.07705376939163121 0.03117523578958004 0.20512820512820507
0.11875711080132494 0.024563473434256706 0.0
0.1481196870038299 0.025157475379032745 0.0
0.2161652716787339 0.11007451439815202 0.0683760683760683
0.39145124568483247 0.12723656525083338 0.48840048840048833
0.1848401701738 0.04112893864096745 0.0
0.33000818458422737 0.13687113233403786 0.5982905982905982
0.15343529531529024 0.10438730591908871 0.6623931623931624
0.25004869446906114 0.0256802916926524 0.23076923076923078
0.1498271739803361 0.17904066217532363 0.49950049950049946
0.11295494034441077 0.08661591466878235 0.9743589743589742
0.8077372454588836 0.14650458634402333 0.25044722719141316
0.16179584656830223 0.12288207618981276 0.2366863905325444
0.15287274683067784 0.07180701411656054 0.1923076923076923
0.13309287468235154 0.15928225977872326 0.14792899408284022
0.11683682964322673 0.0795498815394908 0.8615384615384616
0.22743299917232973 0.1203467378462318 0.42986425339366513
0.2795499313189226 0.04144819641352652 0.547008547008547
0.24862547324682913 0.25046023700065195 0.6837606837606837
0.586875959264875 0.15132434852883736 0.6231742940603701
0.1912322855555384 0.05621868537632548 0.2494802494802495
0.08191747884825391 0.02256477599897793 0.5594405594405595
0.21952313956181735 0.0281979585069874 0.0
0.1707312154045739 0.10231441287779705 0.1577909270216962
0.309708689757243 0.10813037019166583 0.231822971548999
0.3614053458901041 0.22790456085703578 0.4751131221719457
0.3182019392874535 0.07346760580265986 0.8955223880597015
0.4386077447222701 0.10745155092954897 0.5651491365777079
0.14992680552134657 0.087315024609845 0.6699751861042182
0.41891565854106855 0.2131465919436875 0.6713286713286714
0.20923312559244484 0.03737986602267287 0.32258064516129037
0.35866482248459225 0.022134755569090316 0.0
0.13632739694870594 0.16357347170319195 1.0
0.14736982377814373 0.12106138870055042 0.5023547880690739
0.3814527010659101 0.10340799685673745 0.5769230769230769
0.19542164583407023 0.11139142478673568 0.6477732793522266
0.13580709685950362 0.03656274628640663 0.6593406593406593
0.27779370137477194 0.04563431190276928 0.4733727810650888
0.37864685814784876 0.04089019029555576 0.0
0.45128402729191197 0.04619284616085898 0.5039787798408488
0.11489204626046523 0.15162214890857498 0.0
0.2206902501097131 0.12391583281045647 0.1398601398601399
0.42786436948193524 0.07210364203618695 0.7930214115781125
0.22598784104962324 0.06684170480254445 0.15698587127158556
0.3396195865513056 0.03550875331160624 0.9043659043659044
0.3032341050410925 0.16362576574477802 0.6153846153846154
0.15346317798497833 0.06649236243513022 0.7692307692307692
0.3033090917328638 0.07361240625450738 0.05215123859191659
0.1591455035931947 0.2268941490971047 0.25641025641025633
0.16163932391913705 0.012664746128102328 0.0
