T:1607427362.712148
~~~
T:1607427363.3657842
0.13853880288869405 0.08765470981345741 0.6877828054298641
0.13530038842693545 0.04023468829466439 0.6666666666666666
0.1985108644822444 0.07866011777004776 0.4102564102564103
0.21674659992277057 0.021372843120801885 0.02958579881656811
0.1855407498460315 0.02152110342954071 0.5210918114143921
0.17125756764014466 0.06061364344008994 0.0
0.11494869442314506 0.1388852123394148 0.45066045066045063
0.22877333066880842 0.19952684174696836 0.5827505827505828
0.1813303503357082 0.035200199481257854 0.0
0.24772587792849737 0.019007111823342106 0.0
0.16258567508479738 0.07775771251993929 0.1309328968903437
0.12157932841630936 0.016650277081040294 1.0
0.197582674668309 0.08275053401313832 0.879120879120879
0.31775991822831795 0.054034945174423754 0.0
0.2947559999270807 0.0994503487599685 0.6933911159263271
0.23108816790326356 0.043916541979886245 0.8765652951699463
0.19231050911960004 0.11009783010303865 0.5594405594405595
0.08075235464259674 0.18298575014546223 0.34188034188034183
0.13510519617056324 0.16441212167827537 0.9805579036348266
0.08014801032039448 0.045287828757148985 0.0
0.15421382371549316 0.0635129202452286 1.0
0.19287139528954036 0.05491756194913029 0.5263157894736841
0.29325502538439985 0.09812880283742181 0.06279434850863429
0.3459517333898606 0.19043443986982245 0.8488063660477453
0.15408889750107962 0.18191695833615748 0.0
0.13741511486184838 0.025990146701195184 0.026075619295958207
0.14802280043815394 0.24211176642301976 0.8371040723981901
0.17738740645298523 0.0854423805420352 0.4733727810650888
0.29389489638605804 0.10028527820585134 0.18648018648018647
0.3153226404103337 0.1098482449281887 0.4142011834319527
0.2057714073393468 0.0973215908321853 0.7692307692307692
0.22373410101252578 0.08555135672090225 0.2618657937806874
0.28288392030779946 0.019999985099614648 0.1577909270216962
0.17340506589533353 0.16031334133076433 0.9116809116809116
0.17379789027086665 0.06352047780241503 0.0
0.2002038051518427 0.24904374106354585 0.5647517039922102
0.10337021994831402 0.049634395755312005 0.0
0.2834794854484375 0.03320782074768142 0.0
0.1634157132951564 0.0700005640337006 0.02564102564102572
0.5172339847640542 0.11859588763941888 0.811965811965812
0.7136839518160821 0.045184004503579116 0.0
0.3157311042245821 0.09872659853284434 0.1538461538461538
0.13927447754477035 0.26235122521303494 0.8284023668639052
0.12759401694896333 0.01501851466853142 0.0
0.2288865023368788 0.07398483267831706 0.0
0.3088973885527182 0.024994763770299 0.0
0.0867173435146912 0.23514346623125476 0.5668016194331984
0.3766655621497896 0.12027579903615773 0.3619909502262444
0.4966860674582107 0.05415925197733881 0.0
0.20220822726992538 0.1832189336273517 0.06279434850863429
0.27333041636027966 0.08243833851911885 0.0
0.12959744160561248 0.13571269102418032 0.6153846153846154
0.17289695158852952 0.06391038459502285 0.0
0.08979514225964672 0.08195304410202585 0.06993006993006987
0.3087969817369312 0.10774505849166172 0.0
0.290130055527787 0.1263876557657332 0.47619047619047616
0.31122074835736785 0.10363780094704829 0.0
0.10657526517883466 0.1443298471031946 0.7100591715976331
0.16554365832509355 0.13315634992952693 0.0
0.31777047880939524 0.04773234468159931 0.036630036630036666
0.5295770486661985 0.049774655833899145 0.0
0.24862247477498486 0.014722463941051955 0.0
0.26777435849346926 0.20747822060455812 0.7692307692307692
0.3365012568452671 0.049066547631983086 0.5905205905205906
0.5013245695555885 0.17067589176504672 0.1809954751131222
0.26128022548756963 0.12819390360903785 0.46153846153846156
0.23720251627876174 0.10172237594595798 0.4774535809018567
0.2134294536095206 0.15424091219776964 0.32258064516129037
0.1561668953135279 0.16810445513751518 0.3193033381712626
0.40374607367625126 0.054738035445082316 0.0
0.12617317295466024 0.14898482573473926 0.1923076923076923
0.18145697271793612 0.06986024962384145 0.3678929765886287
0.1325364911004637 0.18768834484600666 0.0
0.16538149006654745 0.15092746778168964 0.5538461538461538
0.26811329109872595 0.09126949309302579 0.20979020979020976
0.16107761485514482 0.04411954041670052 0.0
0.17784685599619568 0.11860785232397895 0.25641025641025633
