T:1607426767.803796
~~~
T:1607426767.842505
0.14860174963369932 0.09372045876678281 0.7326007326007326
0.13706580811843888 0.06096272238272361 0.49346879535558785
0.5637918379848076 0.059080940457737804 0.09768009768009767
0.18898221037685148 0.02393703931612138 0.3016591251885369
0.14997979212631546 0.05949185230081129 0.0
0.36634261116498107 0.15090757982124592 0.4032860343539955
0.3604269285789159 0.045397419088025595 0.0
0.2146481166009692 0.1339295092895424 0.8205128205128205
0.2800026969679137 0.025188021984600607 0.27972027972027963
0.10026654899920935 0.06442558527712361 0.8144796380090498
