T:1607428060.302933
~~~
T:1607428060.822166
0.0990592174953686 0.042184909265050745 0.0
0.11588445761663982 0.015411039671952327 0.25641025641025633
0.12341551207003064 0.018906414945449392 0.0
0.2266690740168899 0.056623115339968146 0.7692307692307692
0.1860370113571079 0.05692872623031912 0.05305039787798402
0.2072445286953373 0.040180262088515474 0.32146957520091857
0.3932692625014542 0.0337904320251603 0.6477732793522266
0.18623192243753514 0.023555187500135126 0.0
0.1785722434499953 0.04059049199927865 0.25641025641025633
0.21647026250516224 0.05575593319259054 0.25641025641025633
0.1263419221207207 0.06936645154416943 0.8205128205128205
0.23959566643641866 0.048096171392200446 0.6477732793522266
0.09785205902830071 0.11558971143491407 0.0
0.5268942708993408 0.061102734398857786 0.42735042735042733
0.14953801813422543 0.06535225474525548 0.9467455621301776
0.2335668742687872 0.05858910533687621 0.5494505494505494
0.26073310129943866 0.16021629325264125 0.49773755656108587
0.35356449733369266 0.035981729078030024 0.923076923076923
0.29329838631899185 0.11650914995480163 0.923076923076923
0.11590786547340853 0.02134049660773098 0.0
0.1690202263221726 0.1680237207991185 0.6153846153846154
0.24692465646448394 0.04436641544251592 0.0
0.11617157571841259 0.056999280718600394 1.0
0.42125245472392775 0.024136363368450726 0.3619909502262444
0.1718560570970721 0.02042002055589544 0.10489510489510497
0.30575836653068067 0.016075071614890683 0.0
0.124387465735732 0.07214401420795499 0.6706114398422091
0.20449067172250524 0.018821120558070014 0.0
0.14349448269667883 0.037370863743476014 0.6947890818858561
0.35616874887069894 0.04139927490558328 0.0
0.2004405381412275 0.02117534928251587 0.0
0.2437316959784836 0.1430987872822536 0.41514041514041516
0.22869620384544284 0.14806098243098467 0.6593406593406593
0.22169432061181996 0.10965034440697044 0.0
0.35590955609045727 0.04359286829068134 0.41806020066889626
0.5101478683187518 0.05557329054179241 0.6153846153846154
0.34098514298761373 0.12049013203338606 0.7252747252747253
0.5300848328432959 0.13122124721481523 0.7478632478632479
0.4472703388507376 0.21685444819671149 0.7905982905982905
0.3980815278567062 0.12888633223851761 0.20512820512820507
0.7840581476818989 0.1474234035717419 0.3444316877152698
0.536494016813162 0.023215823306639294 0.0
0.2456828382245687 0.13035392844727925 0.7357859531772575
0.257107072826601 0.15905027897264368 0.6508875739644971
0.8079777064750919 0.09720586514859361 0.6888633754305395
0.5429356428295178 0.15157189599168422 0.35847647498132934
0.2384938832012351 0.03858825580862781 0.0
0.12651005919005168 0.12082081043984545 0.9364548494983278
0.3070201223018141 0.02996853857504827 0.0
0.9300112587407529 0.041961092790693114 0.533751962323391
0.257131426411641 0.13258867294788154 0.1923076923076923
0.45093934922687445 0.008202107850519638 0.0
0.47395610045008196 0.11779100939964594 0.689655172413793
0.4334504175732013 0.04322075450350936 0.0
0.5449374880026425 0.06875449488179054 0.6533192834562698
0.5875411568776154 0.10955970054645485 0.7692307692307692
0.6544034873795554 0.097799046515281 0.5244755244755245
0.5253802019514556 0.030303347492763234 0.17582417582417587
0.6737506770920805 0.059504782066072286 0.0
0.45861221702900673 0.11048922607284534 0.7692307692307692
0.17987333834350527 0.11667463524672787 0.6231742940603701
0.4086502548103748 0.11976465885153491 0.8906882591093117
0.47015061401486685 0.14657496902426667 0.7211538461538461
0.4305933224420777 0.033475833944540206 0.20979020979020976
0.38737429331514034 0.06124029914352728 0.8177408177408177
0.3417750031344325 0.10351164006639063 0.9615384615384615
0.33783833222603 0.09924577922294762 0.6508875739644971
0.2334912835398992 0.12473889310361658 0.5253283302063789
0.5586009889501036 0.158011263247332 0.10489510489510497
0.6709401377205491 0.02001489162517364 0.19536019536019533
0.42862892427646765 0.06066767499417021 0.8974358974358972
0.5314343050286543 0.03194788969739523 0.0
0.2553469380837596 0.08738879203992714 0.0
0.6074110149188376 0.11705247109026921 0.2774274905422446
0.2753780177606378 0.08490889550098976 0.0
0.30093107570399874 0.07877422038948226 0.621030345800988
0.3626094954062854 0.08414773718482856 0.0
