T:1607428046.005545
~~~
T:1607428046.699737
0.17763264465048545 0.072011210291015 0.97165991902834
0.23339319581627407 0.09728263550654767 0.0
0.20537700670829379 0.12326160082562028 0.8144796380090498
0.09364445208163388 0.23647383595572266 0.46153846153846156
0.7055823835947498 0.07673628591980128 0.33364226135310476
0.1953486640469803 0.08403870996950741 0.5769230769230769
0.13453390973436066 0.062381895127275724 0.6593406593406593
0.2704756558432306 0.1378903780484951 0.7239819004524887
0.32920814161313267 0.12738847520312005 0.0
0.27930717839133967 0.14270113017183983 0.46153846153846156
0.302367183557695 0.0678623074337784 0.641025641025641
0.3847781340883984 0.0659948874787984 0.6993006993006994
0.19340192295551423 0.04227087319222722 0.5917159763313609
0.2831213687903471 0.10581441558401763 0.6837606837606837
0.2729038615991065 0.12281684249092929 0.3846153846153846
0.2664620068245541 0.07872606263587403 0.1398601398601399
0.1775799803405891 0.10132913846214779 0.0
0.10324533206089827 0.12373819282452166 0.21978021978021983
0.20858798084737815 0.04677755408968373 0.0
0.25624510477649237 0.07291010234550858 0.5955334987593052
0.1734537723489189 0.09233606032012129 0.2714932126696833
0.4798445712402702 0.06038349063791194 0.0
0.5737452792437389 0.09697616927296633 0.0
0.2358854415945517 0.08239198591985218 0.5008944543828265
0.4967632524887068 0.08432462477435994 0.3846153846153846
0.21084585803467693 0.026111130568542418 0.0
0.5638320496585417 0.03476136410689525 0.0
0.19144364298374872 0.05100842325490256 0.0
0.4215933031421709 0.13378767398131106 0.6386066763425254
0.533935305258076 0.1604291116300841 0.5891980360065466
0.24716964830826182 0.11759979502863054 0.3076923076923076
0.44875816339123303 0.06684590084029045 0.2494802494802495
0.16533217081022508 0.048140570787933594 0.5917159763313609
0.3873592908590014 0.051606838085456186 0.9018567639257296
0.5912868395972648 0.05088550099229801 0.11538461538461531
0.509183168181734 0.052356160442550585 0.10733452593917713
0.26107224722864664 0.26513492200503475 0.6334841628959276
0.5984019177350028 0.22157770055505535 0.5075337034099922
0.34239912060109906 0.19979620006699556 0.5982905982905982
0.3600431312231478 0.058197394584686826 0.1809954751131222
0.20120696399164992 0.18379468722232872 0.3846153846153846
0.4522524609554669 0.2011073572847709 0.5982905982905982
0.7850965157472237 0.15198481901125335 0.7013574660633485
0.7889763217495135 0.061813476872654156 0.2618657937806874
0.7490309010731431 0.13180942147616623 0.5465587044534412
0.15838309387430952 0.08709265801734749 0.5012964563526361
0.3499703977010816 0.03513605304345001 0.5325443786982248
0.36155003669195146 0.06293242044808554 0.5128205128205129
0.2829643595998582 0.0372131251813996 0.5917159763313609
0.23283247032645835 0.057034604408950126 0.641025641025641
0.18423700920101066 0.026832100685575084 0.5917159763313609
0.22670546203274713 0.036436948504479094 0.6267806267806268
0.3395255535303317 0.011450666027889023 0.1398601398601399
0.1653187811915151 0.01405872430450523 0.0
0.2784895873475586 0.12156323911027136 0.5955334987593052
0.21717270624201201 0.043362974489447675 0.6837606837606837
0.6835472133793431 0.04657918341788383 0.3333333333333333
0.5649316895983518 0.04324915742757396 0.1398601398601399
0.20795328459049328 0.026335111319540125 0.5128205128205129
0.19377944482348217 0.04511514223192261 0.12820512820512825
0.6611407665147869 0.09934203880649013 0.170940170940171
0.373566040546781 0.14602473150775994 0.1398601398601399
0.4045272492808202 0.17809483649719288 0.2461538461538462
0.3423670724839861 0.08616322844219347 0.0
0.13988304798819068 0.09161342863996139 0.641025641025641
0.2255200509307794 0.042718373377095435 0.879120879120879
0.3568875620553787 0.04081370904946964 0.641025641025641
0.9762208922068003 0.1347539427286859 0.8436724565756822
0.6894494886544792 0.019579716165794174 0.35164835164835156
0.2670082003898382 0.13603447914803676 0.7800650054171181
0.23894334763487718 0.0640299714783778 0.3783102143757882
0.4989948416997288 0.05377217920860259 0.4
0.4234510786023957 0.014505662236733443 0.0
0.303817650967917 0.08061450975221168 0.0
0.3428151350353097 0.0962927466012082 0.1923076923076923
0.20844712839601148 0.05010526109185256 0.8163265306122448
0.5727534542415924 0.17730969771697494 0.39399624765478425
