T:1607428105.743686
~~~
T:1607428109.5972722
0.39278520638984815 0.5478723696023607 0.46963562753036425
0.899566547122986 0.23094835524159982 0.05594405594405596
0.31835364817742395 0.31103565894094864 0.7782805429864252
0.5343437996995429 0.37616709684978833 0.0
1.0 0.17854965177631316 0.5208333333333333
0.14139785225697216 0.884375397841393 0.7692307692307692
0.7077945489463979 0.5642572948255383 0.6
0.26632491110343043 0.4751137233000816 0.0
0.8617393361953042 0.17346190154173588 0.49284049284049286
0.5249792701162479 0.3394898750204788 0.019230769230769162
0.3895401157183179 0.4647655336772778 0.3333333333333333
0.31112645652629684 0.06954925212346912 0.03273322422258597
0.4884731570628011 0.891375837693412 0.0
0.36078081381239113 0.450373790444906 0.5594405594405595
1.0 0.5086470315342397 0.6338633433605501
0.19102601549976517 0.3158309833486468 0.18761726078799248
0.8335904115785194 0.5588300419562034 0.28622540250447226
0.24640343735465753 0.23246341880015448 0.8653846153846153
0.6315666735033673 0.6123419645165262 0.0
0.728485964251192 0.6539872236324984 0.31080031080031073
0.5123011521319868 0.6536899172375275 0.4662721893491123
0.558990631349223 0.778246674264377 0.02675585284280938
0.31778140359632945 0.6553047425986985 0.13495276653171398
0.17946297310164794 0.528071090084396 0.9523809523809523
0.5437127986112391 0.4361675966355573 0.6020066889632106
0.2551367280655252 0.08635672564323675 0.8205128205128205
0.7743201550014972 0.654396628149516 0.3263403263403264
0.5358140363588602 0.3447586564776081 0.0
0.46656265296863136 0.576229933985879 0.34871794871794876
0.3101415841631446 0.6628844926928911 0.0
0.4933604679646228 0.4938257191747791 0.16272189349112418
0.7656652785021559 0.16238023523856093 0.18166335509508932
1.0 0.5915316034538919 0.90170103868734
0.637228125544083 0.7549995987315006 0.686985970004838
1.0 0.6222326556521803 0.1419125947427835
0.5219272531288052 0.37856554300466766 0.5594405594405595
0.3712241812725027 0.6621370613425481 0.0
0.9359405333528885 0.41325082278350905 0.8419958419958421
0.34326176890082466 0.5892370014447753 0.0
0.4164041241921607 0.32148831481977735 0.3076923076923076
0.5188852840341974 0.028559067609532644 0.2714932126696833
0.2528653904198929 0.5603004366015114 0.8284023668639052
0.8954780808011125 0.6479690411536922 0.7472527472527473
0.22379152035739486 0.8424634267613605 0.673076923076923
0.2312197202000888 0.6832336431802172 0.7546135574639137
0.6574657457159805 0.5516970625501375 0.07692307692307698
0.6306006183965657 0.47349157685497717 0.9282337773957886
0.46228293383851615 0.3151809922613139 0.46153846153846156
0.512367229386806 0.5632402496331714 0.7207207207207207
0.3732567636219846 0.3910022461507279 0.8250857422831944
0.5518397687644386 0.5298890304552653 0.38253638253638256
0.41052974027537237 0.14495042152822016 0.21978021978021983
1.0 0.6514787014657109 0.8175399479747304
0.5598843466342494 0.5989496913213401 0.0
0.2759069779517085 0.41052849615968273 0.11396011396011395
0.3587346403672537 0.5354606634462497 0.8846153846153845
0.5401778575996895 0.37843644431643964 0.6572068707991038
0.32811347650021583 0.7292379506644622 0.11097099621689784
0.4711164649408202 0.7209024288963323 0.0
0.8991246276865781 0.4723547496820797 0.189520624303233
0.5739384443782869 0.09218054910383966 0.0
0.2575297132023324 0.6244004467854747 0.4733727810650888
0.37091982014947567 0.23305193539961427 0.046620046620046575
1.0 0.5452312302999853 0.7775617883921134
0.45885476340646714 0.5067612409313035 0.0
0.2824617152651411 0.6893204598052903 0.032051282051282104
0.09431767451493868 0.26284156116706126 1.0
0.3820181582724854 0.5757891036811374 0.7264957264957265
0.10415056465787736 0.6547167816822228 0.48582995951417
1.0 0.40214635495429174 0.6620172790673466
0.33816004138351946 0.4472297850735706 0.0
0.64841745343751 0.3122750457429843 0.4120879120879121
1.0 0.291953906192122 0.7941734011772921
0.4929513851460176 0.4350429610561438 0.13339261894175192
0.4089604764088748 0.7782337609444769 0.4102564102564103
0.30471138712102563 0.7170913315665793 0.08316008316008316
0.3697576413577723 0.7426161100472312 0.588235294117647
