T:1607232723.2111418
~~~
T:1607232727.7510788
0.19526312813829624 0.41840773112625035 0.3076923076923076
0.42629712526020536 0.4620202850388752 0.0
0.40409295283310215 0.5853885345233858 0.1923076923076923
0.5849489082556161 0.4870203276735357 0.39651070578905623
0.3186348772761998 0.3939077792123934 0.44665012406947885
0.31734203514296005 0.39914316866602645 0.8461538461538461
0.4785096166316167 0.7285462231722798 0.588235294117647
0.3618407277144353 0.43631371190361173 0.44883556810162306
0.06375129933351721 0.7842233507529354 0.0
0.6526456988455978 0.47312829859045075 0.07326007326007333
0.17942502532630225 0.17613373400183874 0.25641025641025633
0.11843324177568099 0.7370351997791357 0.21978021978021983
0.35198280153380496 0.14439705652034485 0.06993006993006987
0.2173057389777023 0.47948319715912135 0.2714932126696833
0.1944192906122508 0.36450067587933616 0.0
1.0 0.6667258621287836 0.753742901393908
0.6164360690815084 0.7343508274667035 0.0
0.46820366707628147 0.6831381279165589 0.2153846153846154
0.9922981199539752 0.508506616145156 0.7559222784136278
0.6604276617850338 0.17919025508803754 0.39871123640757145
0.43089029723017547 0.36086918951199326 0.75
0.22950414508048697 0.8812030663911621 0.97165991902834
0.4925872618429121 0.48256085578027125 1.0
1.0 0.4853947981517261 0.7235338918507235
0.33033334694856725 0.31730437918005167 0.9018567639257296
0.31591976948268563 0.638044111719098 0.36739380022962115
0.8505662559307596 0.6302910996615874 0.23310023310023306
0.9924823163502777 0.38215753669354974 0.6735966735966735
0.3644973735611231 0.7031943760852649 0.170940170940171
0.5765407065259828 0.725080169410633 0.2902757619738751
0.7776676563561854 0.2114369036459615 0.011481056257175692
1.0 0.5859148415954406 0.7818411097099621
0.37662622062611195 0.6885328499962939 0.5528846153846154
1.0 0.6929004473343131 0.1809954751131222
1.0 0.5424222393491969 0.6120760959470637
0.6260746441617082 0.4248385227209849 0.5288461538461539
0.34293701638815255 0.5489171903290457 0.0
0.7347492192814664 0.4137115050949271 0.5917159763313609
0.25312863695536414 0.6393933401895678 0.10133578995854439
0.4458303179948904 0.6015286344469394 0.9694107062528113
0.8469630106806505 0.4276167456952819 0.0
0.3711096351308235 0.1370616968728687 0.19851116625310172
0.5650491870842448 0.11788471526777979 0.293040293040293
1.0 0.5954811378305298 0.17810532780592653
0.7503379742296634 0.5927673695608123 0.6153846153846154
0.7641262111257175 0.4585569771287081 0.707338638373121
0.7765187504893738 0.3870791537110068 0.8297320656871218
1.0 0.7066956163657419 0.0
0.782285501657359 0.09840113108192043 0.7916355489171023
1.0 0.29965040104102886 0.10796221322537111
1.0 0.2560680609680699 0.41340617156356124
1.0 0.2034393234462008 0.07326007326007333
0.3976379937839095 0.6290876656106266 0.6153846153846154
0.5163093886751595 0.2888699611826749 0.0
0.8404707101784512 0.7893912379809634 0.33109747395461675
0.6650716854335196 0.3625814109813108 0.7031324839544019
0.32798567114855043 0.6802506629155738 0.5400753093060785
0.8509963109736483 0.7472239868043188 0.26995645863570383
0.6362650991924199 0.7597493206420042 0.7262787973447872
1.0 0.14408207076874277 0.6823529411764705
0.9221538060826004 0.14355397671249526 0.28191703584373745
1.0 0.5468341246611051 0.47583826429980275
0.9236595165853522 0.8557878176852228 0.1337792642140469
0.4846089557798358 0.6515886062708914 0.3176178660049627
0.6764941571042961 0.6419821626606609 0.8591408591408592
0.9388794440893313 0.23832208348175457 0.07211538461538461
0.46984856476995657 0.7122375648712146 0.7068607068607068
0.474320515209809 0.6909791516278699 0.5128205128205129
0.33369086785719504 0.20116656706878677 0.037296037296037365
0.9578285099910846 0.4772596654712168 0.0
0.961160038144353 0.07725256191848448 0.22779795311984152
0.9250874622489659 0.30150755653122846 0.7674418604651162
0.7850586558359238 0.7004284974919154 0.3618499880182123
0.8886655823173955 0.36965122476226586 0.4794939808202408
1.0 0.37479150996266913 0.0
0.5138842772185072 0.7336697648188549 0.8906882591093117
0.6452170727068919 0.5614622726824797 0.7515353388154471
