T:1607232682.720958
~~~
T:1607232686.27228
0.5716546508155617 0.7078207014799434 0.0
0.24918671416665147 0.7129089890635859 0.1809954751131222
0.26715068894920013 0.6437190738040868 0.1923076923076923
0.284755698189484 0.7794605795912434 0.0
0.15996064112695502 0.4129805967651101 0.0
0.27827077215827245 0.5257552541731166 0.0
0.2110865193055892 0.6141622621974 0.34188034188034183
0.2287216927517693 0.0987265307056527 0.0
0.267610509849894 0.45813971093165323 0.8097165991902835
0.3753027159490704 0.5375415723943126 0.8338720103425986
0.6705088189298869 0.4728854205194219 0.28622540250447226
0.27697105506570624 0.34452481150170144 0.8
0.6264289141915543 0.47682634749946484 0.023668639053254354
0.2181425365959285 0.4017211859682865 0.4487179487179486
0.3609778691510858 0.7466167983396125 0.34188034188034183
0.6027214604908798 0.39375257708416656 0.30400736987563337
0.6359842568625313 0.5651279360026614 0.07326007326007333
0.2499268907258855 0.7756490609465045 1.0
0.2244204654125443 0.10883246765602214 0.1398601398601399
0.5545188465590803 0.8144722028627219 0.4917456972251492
0.30672534626388526 0.511657272828833 0.0
0.5457630132585183 0.18187765153646507 0.0
0.23781090024523643 0.40803882527886726 0.0
0.23472123543341525 0.2950426007775049 0.9257998638529612
0.6072492924211603 0.5578633091839552 0.0
0.2472307852364942 0.2756693957249658 0.0
0.23691918349804064 0.3611329690362174 0.7692307692307692
0.8092954795216902 0.5530451134999306 0.9621338413908073
0.5534792651250602 0.5651871845616752 0.7692307692307692
0.5489998755310669 0.2832325593105232 0.0
0.1287271438993962 0.5947611466115131 0.5769230769230769
0.37300949129497424 0.21909027946870474 0.41958041958041953
0.704392617544355 0.11042134437817225 0.0
0.4513044727956171 0.5124835019442157 0.8339808339808339
0.5227705943717871 0.05111179853084069 0.6969099276791584
0.48607220238881127 0.43919293217836897 0.06153846153846159
0.3608107427431222 0.4517398171158494 0.6837606837606837
0.5080194283377103 0.42018079983833767 0.0
0.3153072270954015 0.33103865203380795 1.0
0.8954755485878895 0.5884070992056869 0.2366863905325444
0.3117059042162998 0.21683346451007351 0.7313997477931904
0.19146712912422648 0.577009172717516 0.8026755852842808
0.2205028347147916 0.7179025894864268 0.1398601398601399
0.47869704931946505 0.5064013435771619 0.16826923076923075
0.757251476978572 0.4867008516192906 0.6923076923076922
0.42849592412232174 0.4006993692132504 0.8547008547008547
0.09728932574438605 0.032322631729799295 0.6993006993006994
0.3187847544535142 0.3930220729340953 0.0647773279352227
0.5206165452146603 0.12724511633820443 0.9841628959276016
0.4268977471021003 0.03151994909650378 0.4395604395604395
0.277811859457927 0.20329142781013215 0.29585798816568043
0.27297098008229814 0.4422921923149759 0.9954751131221717
0.264371946808048 0.5746719411018153 0.21978021978021983
1.0 0.29029647857571644 0.23640661938534277
0.4936253453488276 0.6101591474649123 0.8141493542953396
0.7115997810595086 0.3255725808100388 0.4776958201615735
0.7228071941073112 0.2834757598279393 0.3403431101272827
0.5109438660305204 0.5458870701598614 0.38220651999357635
0.2507715748721319 0.7933972096313013 0.5016722408026756
0.2866278775360412 0.44289400156100395 0.35674470457079155
0.21201837694852937 0.18513830380496826 0.10256410256410253
1.0 0.5807934828692007 0.5861843538897363
0.2517638532719546 0.34485957746326856 0.586080586080586
1.0 0.7524657332205511 0.6837606837606837
0.2971554244554365 0.042408047521014236 0.08097165991902842
0.20097152888282577 0.30429089500718876 0.0
0.47418374216259357 0.10344503483418929 0.379041248606466
0.7150574513570261 0.3099840624602116 0.02930402930402937
0.9605018047367823 0.19784159456298586 0.4102564102564103
0.24826002187908217 0.6057946492634135 0.4395604395604395
0.5373309970593105 0.011071644647231744 0.0
0.26058183295200354 0.5539266996637392 0.5542986425339367
0.26939930559858727 0.3440443223929627 0.5917159763313609
0.2784301843268583 0.4489536308121129 0.25641025641025633
1.0 0.4298126546434988 0.8138351983723295
1.0 0.808122549375442 0.5975274725274724
1.0 0.15156145002589202 0.7692307692307692
