T:1607232732.177931
~~~
T:1607232734.289052
0.46846125240079023 0.7536921108726874 0.6926722566532992
0.6502486637831161 0.7083998645087208 0.005827505827505822
0.6229080728283496 0.7701070809663224 0.5668016194331984
0.8413254171046558 0.6887231252857948 0.32443746729461015
0.4446738378595225 0.6697983102634217 0.41240128692600175
0.28184791246087293 0.5414030683249249 0.0
0.8438762513976964 0.43965470738754503 0.7566521528785679
0.12098803804966421 0.6244615788331105 0.8163265306122448
0.6020732806576468 0.6678057640541444 0.4578754578754579
0.17506775541715888 0.536387679843709 0.0
0.6261652928973068 0.743934966792595 0.0
0.534810431534194 0.5420109304752155 0.8916083916083917
0.2878651488732607 0.6618595005546581 0.6139400505597689
0.5614719620022083 0.3621889289850614 0.0
0.17642889618714766 0.48591607055745123 0.5128205128205129
0.3943710316108348 0.8403391571992261 0.7162877608221737
0.2876641752422206 0.7773900441601626 0.6464124111182934
0.20695143290399934 0.48708919811197865 0.3846153846153846
0.22105482771938975 0.6176119523003406 0.9615384615384615
0.24563852805862427 0.7376294918522456 0.4751131221719457
0.26960442805608376 0.7634811724567546 0.10989010989010983
0.1499692587036274 0.5310778986143178 0.0
0.673692184773898 0.4899713938932174 0.21836228287841195
0.32542551330637365 0.019425323548866644 0.0
0.15891756052843886 0.16326657794065058 0.3076923076923076
0.16626508102974263 0.3152406646333864 0.0
0.4526340430211104 0.24690709215790088 0.0
0.686736703657462 0.7681389424141574 0.3412878282895614
0.2697751423411877 0.5949600076235579 0.4102564102564103
0.34432850157429584 0.6920634422567462 0.0
0.17415437424755345 0.7216577985125241 0.21978021978021983
0.791469829217299 0.20409982638781465 0.13433551895090357
0.25130470017993217 0.21498177389429735 0.7040417209908735
0.3081095120420349 0.23367529537840415 0.026990553306342865
0.1691840460813828 0.10242679254004065 0.5594405594405595
0.13152627438774644 0.35382773384684874 0.717948717948718
0.5592876244570988 0.6269743386434574 0.7603890362511051
0.40548940326786165 0.052248161677471865 1.0
0.2124221179768598 0.46607987913336124 0.0
0.6091518722047656 1.0 0.0
0.26767903716931013 0.03923164730603486 0.0
0.6727732904022182 0.6957997285918869 0.7981976182813003
0.5284905826292968 0.34320940799864363 0.3479853479853479
0.7249985838144184 0.8164803314750955 0.37220843672456577
1.0 0.6759141812185457 0.9380863039399624
0.5399033950988913 0.37150837123284264 0.5394605394605394
0.45204618253561263 0.39655129059053473 0.15915119363395222
0.3203952447501343 0.820183575671587 0.45632333767926986
0.17980022922690675 0.5414413949512482 0.10256410256410253
0.596722114492283 0.6009788447026724 0.32051282051282054
0.1740678444229393 0.3867656649172751 0.6688963210702341
0.7310489034711182 0.23733742895360013 0.5046153846153846
0.5989672644000938 1.0 0.0
0.4757698519437322 0.6235171029614546 0.603318250377074
0.1919737450226639 0.22700088962239567 0.0
0.21372123728289344 0.5148314680646718 0.0
1.0 0.7640309611884841 0.7230769230769231
0.19900976275327323 0.9689931474322047 0.6593406593406593
0.2552526161469567 0.6380741048762415 0.0
0.4657296437789684 0.26006950226558256 0.0
0.7788772187749936 0.59106391307644 0.860042735042735
0.4660084918278157 0.5683094125719113 0.42386185243328095
0.3233051462754878 0.6981893222696688 0.27972027972027963
0.29279857085704303 0.3082060296201748 0.9035409035409036
0.44023762713962716 0.7532419405066446 0.3846153846153846
0.5368175994600619 0.43931833653449026 0.4395604395604395
0.5297439386283752 0.562119911642556 1.0
0.10921892620787793 0.08696550633817073 0.6153846153846154
0.2234210000319053 0.20715872600807556 0.0
0.23873049806731672 0.5760363035243399 0.0
0.4879994939359859 0.06709430374218228 0.031397174254317144
0.451828000142988 0.7246113966126136 0.2953846153846153
0.4569020670036248 0.516035924277095 0.8640674394099052
0.33683542714941933 0.5663751880421445 0.3758741258741258
0.16462351803814448 0.36300705624520324 0.10033444816053505
0.5638846088179367 0.7212874815589401 0.6267806267806268
0.501174627947005 0.6315743031819935 0.21367521367521358
