T:1607232660.56553
~~~
T:1607232664.191812
0.5600983467548476 0.7524894343257919 0.6334841628959276
0.341154511381266 0.34839981533472203 0.0
0.23489405851672368 0.6916561683311065 0.3846153846153846
0.28858899476919536 0.33335160971223865 0.97165991902834
0.2744730784675052 0.12983067191367692 0.7692307692307692
0.2181590522468441 0.12440803723942122 0.0
0.520814906060803 0.2847008340412424 0.41958041958041953
0.2456795472958076 0.22814753103366037 0.7100591715976331
0.7687083469955682 0.43867661080209075 0.39072039072039066
0.2104091350999503 0.3692104305337206 0.20066889632107027
0.2606278588040496 0.303391311332367 0.0
0.3023244524839445 0.26487813826748824 0.1809954751131222
1.0 0.30383964881804143 0.7344096232985122
0.6312350574806598 0.30960171804753334 0.7536907536907538
0.1461876720670014 0.592125275454419 0.0
0.7133306083063804 0.658398283792901 0.4673807205452774
0.6623058778207773 0.6953771220825984 0.0
0.4812956149872951 0.11168055037341736 0.0
1.0 0.5486456217517033 0.4210526315789473
0.2783446695260223 0.28176408159153427 0.0
0.37768540631939845 0.6907876883568527 0.79002079002079
0.6973678811983505 0.3969270574638763 0.40133779264214053
0.7123711539338413 0.5626799234262836 0.0
0.5975997790893132 0.028918558074222393 0.0
0.7356944318359877 0.47702121221634325 0.07550731477111852
0.5238312979946442 0.5098377343780841 0.4102564102564103
0.4623872163730469 0.6494990586296729 0.8731808731808731
0.6385711719726057 0.31958949050639596 0.0
0.3073526681707531 0.3284113561760711 0.8421052631578946
0.12449847098138281 0.29295713995053235 0.0
0.1736091522251389 0.7521303124868283 0.8461538461538461
0.18131981814229925 0.6490479557257609 0.25641025641025633
0.7739365062974537 0.4934458226406258 0.8469579201286517
0.6255024815508846 0.6197943825465912 0.18315018315018317
0.15605888546407368 0.5780318960508875 0.923076923076923
0.08749136605276327 0.626242917031603 0.0
0.9104854551213271 0.39457410843221236 0.018535681186283653
0.7997712251730585 0.7550441382233978 0.45646661031276403
0.8673609827165555 0.44576154347940367 0.26525198938992045
0.5852146184689258 0.4689120277138567 0.1417458945548833
0.19746865451539708 0.324362666245054 0.6526806526806526
0.3279695030945164 0.4221639739891395 0.0
0.9305110215052023 0.5602009931558263 0.2502760397497239
0.22042398346220216 0.4257192376668901 0.42679900744416877
0.6413725572196082 0.7250124729276336 0.3902126979050056
0.1031868900781635 0.5121694085278682 0.1923076923076923
0.7742565421605874 0.721021476737628 0.21978021978021983
0.31363039777606727 0.6833252824026088 0.1972386587771203
0.4319455748091624 0.7261211789739352 0.6393606393606394
0.6399034996328264 0.2928029282935271 0.333170014698677
0.3456409707554686 0.6158601486565395 0.7832167832167831
0.9358663315007325 0.3377686506886373 0.0
0.4819581746062629 0.7252943064592176 0.5940101901329689
0.7268436183641471 0.49846714230870254 0.0
0.3233870558880045 0.37319947641803786 0.04807692307692307
0.9946100301258798 0.4979476687547508 0.6659012629161883
0.22698656407368314 0.10661316911365754 0.3752994410433856
0.3035423793354001 0.19242553029668424 0.7151095732410612
0.8345642866602949 0.4574796486989016 0.5295047418335089
0.738848734527897 0.5686639503983956 0.5965880069465727
0.32113597024980733 0.42494900539398417 0.05994005994005996
0.2666774400508346 0.07721633860875353 0.6162062236828593
0.8155396644036131 0.7881003603555479 0.42832167832167833
0.6352647809308138 0.7595290571275704 0.8002254156100309
0.1957250331766078 0.9047635031660097 0.8653846153846153
0.3323872277622512 0.1752167841403396 0.5357142857142857
0.7085380714441526 0.43779541119252485 0.6803555010726327
1.0 0.8988846818047339 0.14228546020453528
0.8175293605116162 0.6248203927472727 0.3638684966485797
0.38375999247918985 0.5825083715798639 0.0
0.7365104058431368 0.8818078954748079 0.43589743589743585
0.2933259716853315 0.31679912284979034 0.3076923076923076
0.21941704801630094 1.0 0.3550295857988165
0.6808958746049256 0.22484012808129936 0.01469867711905928
0.508986808082806 0.660841066292559 0.02339865457736183
0.37714686274145437 0.7205629843644207 0.733978125282473
0.25975227003986767 0.5875470502084411 0.0
