T:1607233044.14475
~~~
T:1607233045.2877178
0.1280939466101479 0.11925595949211579 0.5917159763313609
0.3511632931236665 0.21429729357014007 0.4102564102564103
0.09220501257571963 0.5016900446536017 0.0
0.12563403143567448 0.5764667293905756 0.641025641025641
0.39022719272590045 0.318209229338815 0.46703296703296704
0.29412578138348644 0.23273081367397444 0.5186813186813187
0.12663144292097225 0.16064669719765803 0.0
0.18523087415307105 0.34468594051753276 0.717948717948718
0.3058441465799918 0.6167318083305836 0.588235294117647
0.2834950880554467 0.6525972724596557 0.7771609833465503
0.1575644385562478 0.8536200232264692 0.9401709401709402
0.3060604239004028 0.5862905370110877 0.43809132044426163
0.12800171782194023 0.39834957293093515 0.7692307692307692
0.20579786518446058 0.7152852311320896 0.6378986866791745
0.1253160885658529 0.3077535425938427 0.0
0.3668744615804655 0.7956918915323465 0.0
0.28745493372276754 0.455111896373369 0.1972386587771203
0.4092534160881111 0.7816242648104927 0.12307692307692301
0.3950754724167068 0.37990856793577676 0.10077258985555936
0.1378713537199832 0.7273085487693105 0.2834008097165992
0.5624422676064461 0.19436873609315597 0.46153846153846156
0.3653223321879267 0.4424255876587477 0.0
0.2704885786471271 0.5163458222056508 0.2048247610377788
0.3380285860300787 0.28297511075691517 0.0
0.222216020411475 0.5970868622408679 0.7692307692307692
1.0 0.5675155478028168 0.8461538461538461
0.3120338720463113 0.5583091178229885 0.5917159763313609
0.1403299989889664 0.14874006223245625 0.25641025641025633
0.23200903121149347 0.4434240218526195 0.0
0.5060050238581308 0.598768725571888 0.7032967032967034
0.44792964732456847 0.47328797088520436 0.5435897435897437
0.3687719895729029 0.5979446572477586 0.7438715131022823
0.3943102541073939 0.2071128150683472 0.0
0.20921936907971442 0.31602187995014974 0.334448160535117
0.6000796109395626 0.37466851908236243 0.27972027972027963
0.5675253870170122 0.7693874093077967 0.0
0.6941568328955195 0.6086916494492817 0.6395851339671564
0.276695355903572 0.4908245938635086 0.8436724565756822
0.598549520228239 0.9260841858026062 0.0
0.6976004388045077 0.7231919486897438 0.641025641025641
0.4679813365506959 0.6490047358875728 0.3846153846153846
0.7101465990905791 0.30276221066507847 0.20790020790020783
0.4570820901750321 0.7559551660579147 0.3273322422258592
0.28279525788911264 0.8074723461203724 0.0
0.40006820199152643 0.8031630651265836 0.20512820512820507
0.7947414535477731 0.8277481506283189 0.10256410256410253
0.7996874905462491 0.8724555920244992 0.1183431952662721
0.4121593839058383 0.5636644104899883 0.0
0.5738687174531838 0.771580763522837 0.46153846153846156
0.24666024287563262 0.39862936431687734 0.3076923076923076
0.8193978844081775 0.2861872457341021 0.2447552447552447
0.3662623780112359 0.28656228854928995 0.0
0.644436123702387 0.3978755719556672 0.933877766069547
0.5957598236361152 0.47017142402017476 0.5224963715529753
0.31547279074638673 0.7364994839077597 0.3846153846153846
0.28216026905248104 0.5985914465565431 0.9455128205128204
0.16595507017437275 0.5869343399385999 0.7017543859649122
0.6558758946175263 0.759012031444529 0.45066045066045063
0.3567260002099621 0.38721810412656243 0.1923076923076923
0.314105895215038 0.6272287864807208 0.0
0.16416194767386474 0.3225877379271257 0.0
0.25947209369342183 0.8662091284168769 0.25641025641025633
0.21712184464999162 0.6628033371140087 0.0
0.3439696009569337 0.273093450763677 0.1398601398601399
0.8068298106165053 0.48914470164034485 0.8897818599311137
0.3727820846274867 0.5593815028807178 0.1923076923076923
0.23279817707206243 0.8553096309974619 0.0
0.4970733908436405 0.17681177321840746 0.0
0.16837979270367442 0.48329116388240195 0.21978021978021983
1.0 0.34223855087047983 0.132236736010321
0.6552970842384345 0.39167643295915794 0.0
0.4084597574654992 0.596557836525006 0.0
0.5180526875975888 0.8517444624746882 0.0
0.8664744338078483 0.6192589564864036 0.7255626469600268
0.2454365794964407 0.399086233317557 0.6593406593406593
0.35112968001770534 0.47232900346381285 0.32967032967032966
0.4849381763422652 0.7398031763117408 0.6993006993006994
