T:1607232651.29565
~~~
T:1607232653.165146
0.4964187727439795 0.41002831256304617 0.0
0.2700591940052896 0.36462597376703654 0.5769230769230769
0.49806100267043163 0.47868270282037984 0.5128205128205129
0.24924207817354652 0.5082958322754548 0.3846153846153846
1.0 0.6223593664004744 0.4641168886978943
0.5893378883825015 0.5316519650462078 0.0
0.9125649350896379 0.3684109950919988 0.3783102143757882
0.38716089534810255 0.3003375512174194 0.27972027972027963
0.6178834816632511 0.3815227249587172 0.0
1.0 0.5765440141229883 0.0
0.4225770292986831 0.13584327043149888 0.6153846153846154
0.3795633728689816 0.7447878038649164 0.3846153846153846
0.5667783023365488 0.3908228475821138 0.2662721893491125
0.6267212347136446 0.6493963291696735 0.6809583858764187
0.7231369216409532 0.571353315309708 0.0
0.39423362028977443 0.1447622740519691 0.0
0.47570720969450364 0.7029695555000547 0.0
0.539396007710893 0.6121146469195747 0.779768177028451
0.7970542632321271 0.8882091513198255 0.4807692307692307
0.6773585870982036 0.1606438816300834 0.6111696522655428
0.38034553820774764 0.40552170032771534 0.0
0.36847772189887046 0.7489554351748575 0.8461538461538461
1.0 0.3974099556644108 0.6056387051862165
0.4322778677064956 0.6319650562198057 0.6837606837606837
0.3349545120148892 0.70683585277713 0.28257456828885397
0.32603682098618497 0.1549951126549322 0.36630036630036633
0.9922023739831572 0.42758672454900887 0.6468531468531468
1.0 0.8974443987679951 0.0
1.0 0.5661832093012398 0.16722408026755858
0.36006626170055944 0.5045715678979915 0.0
0.8316751673124413 0.7230332211956942 0.5366726296958855
0.7006212575920734 0.6811089735670994 0.048685491723466326
0.19472225387014278 0.1275442060341511 0.0
0.4080047668069419 0.6786256248178911 0.0
0.6504363762756616 0.650093254810791 0.8391608391608391
0.331424214309806 0.4292644488245791 0.8461538461538461
0.9260566818531284 0.5059901235531242 0.555978674790556
0.4915084039725784 0.4231832552308295 0.1846153846153846
1.0 0.5492242104561172 0.7454212454212454
0.5169716756212386 0.33295893589499725 0.15132408575031525
0.38444463090531933 0.44726282169272424 0.7301173402868317
0.4323458549812969 0.7435507025278418 0.5288461538461539
0.6189383110830599 0.1970980596038766 0.12443438914027156
0.28318605649523093 0.15977729901126733 0.27472527472527475
0.6066946456366012 0.7978293252487099 0.16859852476290832
0.1602090758547417 0.5865024086768624 0.6153846153846154
1.0 0.7125738912506265 0.01152405646787672
0.6968460758993442 0.5649611385690548 0.5366726296958855
0.5840499971890725 0.43621985328635277 0.0
0.6043551550449583 0.5086230087220228 0.1480527840360476
0.27129261893947 0.44974093356606326 0.0
0.32958512248108646 0.8617189844713972 0.0
1.0 0.3146954654705349 0.18282166264229047
0.10066463800484014 0.7093720768646592 0.7692307692307692
0.25301725739227643 0.6539516557832803 0.7692307692307692
0.25986329824032645 0.2922010925485248 0.0
0.4463020371155914 0.33038087919113435 0.22595115467685659
0.6898800387731294 0.3885348680184239 0.5410691003911342
0.3109422946012838 0.8871731961417012 0.3238866396761133
0.4768289207225466 1.0 0.12820512820512825
0.3504872831573416 0.7229117345351347 0.5769230769230769
0.9907731925201081 0.3958937816052217 0.22321428571428567
1.0 0.7406916605709007 0.024615384615384636
1.0 0.7417887916504808 0.24563671622495148
0.4565325066034945 0.1092995899069847 0.1465201465201465
0.550641914562611 0.6868025226428497 0.5942307692307692
0.6144073228780048 0.6304395264193217 0.4945054945054944
0.39812081363081514 0.8213310318512346 0.0
0.6563250091049745 0.8816345752879846 0.34188034188034183
0.3186539855660482 0.5438660039213826 0.5668016194331984
1.0 0.732298785805243 0.6913979581522289
0.306564272610855 0.8267612159868201 0.24442846872753415
0.40838214885070445 0.7302467801187185 0.0
0.3965855314899449 0.6480763935919646 0.0
0.23314718556058087 0.8069583960642762 0.25289778714436245
0.3583434200012365 0.25252766380461733 0.0
0.12492741915537915 0.6490170938548168 0.0
