T:1607427190.2264
~~~
T:1607427192.404928
0.7812477896784394 0.22309985984288588 0.11611030478955005
1.0 0.12407311377564172 0.6807536171541585
1.0 0.3893912922301314 0.0
0.8264230313947718 0.2864591391855566 0.32200357781753136
1.0 0.08964772643377028 0.09116809116809113
0.938547650252252 0.7452282634641886 0.0
0.8100029681498729 0.13727746030359422 0.0
0.761185717532537 0.37104592528919766 0.144927536231884
1.0 0.3972590051786584 0.0
0.514167299492492 0.08016497253040815 0.4733727810650888
0.3515935155320429 0.06937886768054259 0.5128205128205129
0.7920697557926316 0.5772697944443804 0.0
0.7284456046975156 0.18777049182596897 0.0
0.5686679750630873 0.7361261693325231 0.879120879120879
0.9623931375345196 0.12261574815890472 0.43184885290148445
0.7655098836796637 0.660172768401631 0.4497354497354497
0.6720567318737461 0.6800525031846001 0.11443102352193257
0.3153656868043593 0.4439656805783892 0.0
0.37265819826209556 0.6651333766965893 0.5955334987593052
0.833598378434577 0.6624842358294147 0.39702233250620345
0.8649020365784864 0.4101601714514093 0.21804966686856445
1.0 0.4190845121166049 0.6484994825802001
1.0 0.5973601611155842 0.3018500486854918
1.0 0.44564669755397684 0.23794002607561934
0.6459991631209913 0.3600384675674792 0.685532084495815
1.0 0.4359665032190625 0.7348901098901098
0.7730325941330305 0.08622568187255962 0.6558958283096213
1.0 0.6386356303735452 0.0
0.7833603363774703 0.24336118555861724 0.1861832435080842
0.546433574564194 0.7094859372746527 0.5319148936170213
0.6128982868103181 0.45017852881215864 0.1600224592925322
0.4978995446233266 0.7468805284655813 0.6153846153846154
1.0 0.47648183607033984 0.4162021553325901
0.8867506307687447 0.4074102698905572 0.0
0.2906684735016114 0.3325862676744626 0.4641168886978943
0.8730753183169042 0.29239453301113266 0.054945054945054916
0.11892413113886299 0.4177284550127446 0.4733727810650888
0.5908166090048167 0.33310799006988606 0.0
0.2470858885920792 0.5434216414587185 0.21978021978021983
0.13565656373467228 0.7789175683046928 0.3496503496503497
0.7076247139581325 0.01499559717328926 0.21978021978021983
0.2824385156540936 0.5903867184952055 0.5707196029776674
0.456339093055713 0.48113584353953953 0.8058608058608059
0.3335561332720114 0.14183261088897606 0.45516613563950836
0.6897449562850231 0.4760886643038092 0.6811088672663852
0.6305651253834827 0.03886782336763793 0.0
0.7712463308082548 0.7860894015159673 0.6993006993006994
0.3820941640738877 0.42353605742067496 0.0
0.4627899731919344 0.14464327637565413 0.5594405594405595
0.4419501800568344 0.7379104620612544 0.32051282051282054
0.12799515936978986 0.26167358856735573 0.1923076923076923
0.5711822357901559 0.18691879197184674 0.0
0.48050263322338094 0.5037104333668859 0.07155635062611802
0.12491017131926045 0.7619561380961528 0.0
0.4858274897333476 0.7380306971726606 0.36251105216622453
0.4572310245234098 0.08977772632667033 0.40133779264214053
0.44864129728266966 0.6646437672709654 0.6267806267806268
0.3859456183173946 0.23732676699849767 0.6153846153846154
0.503601007129128 0.14414051000885364 0.5420486249501794
1.0 0.7223757095340081 0.6769230769230768
0.521112910228536 0.157434008950693 0.46426945835229855
0.4865218479958236 0.6228164078718842 0.7100591715976331
0.21974035364193867 0.7481653901560457 0.9615384615384615
0.29469851939225816 0.6590681528580673 0.8906882591093117
0.4848553050029157 0.5857885087349933 0.4395604395604395
0.5721988868450171 0.3561288927273324 0.3846153846153846
0.4677050766815768 0.250555269500499 0.9128205128205127
0.7000331747675246 0.3528300642532724 0.26862026862026867
0.8672211508737147 0.3647261051241248 0.3789314134141721
0.28740947491887103 0.4140958600148464 0.0
0.5615227052382993 0.6562195188032103 0.3770965876229033
0.7695328909626981 0.35478561644160067 0.48220436280137774
0.526270259838586 0.5559304294320428 0.31578947368421045
0.44677830136736 0.10198470039061301 0.6636500754147813
0.8366010457959534 0.7320079018010538 0.26406429391504027
0.2955972610584046 0.6148386839490777 0.7535321821036106
0.6021005694008006 0.718777384923475 0.7326007326007326
