T:1607427459.566894
~~~
T:1607427464.110424
0.9005464957121689 0.6037035969735829 0.1572150477259966
0.46851183307677197 0.11335284097189648 0.1923076923076923
0.36484640574890315 0.34469485032099584 0.1183431952662721
0.9323543711944715 0.3226242489352235 0.0
0.4758702822837339 0.7014162103782983 0.5594405594405595
0.4581459794137357 0.5495083083050395 0.34188034188034183
0.5070513971311021 0.4383407883927483 0.3461538461538461
0.33304985265156345 0.42413193719297987 0.8097165991902835
0.5586629246169389 0.3444849534235368 0.8311229000884173
1.0 0.7188429914108687 0.08802143130501341
0.38170402109831564 0.6266120613615117 0.3619909502262444
0.5250154806538883 0.7056352434810087 0.024813895781637695
0.43306026634921796 0.3701390088071721 0.8461538461538461
0.9308103365967478 0.24072275146070324 0.1337792642140469
0.5413073278891236 0.4959480738091598 0.779768177028451
0.1488181725387478 0.01256289363470331 0.0
0.6897975302510189 0.5747666202654307 0.20604395604395598
0.35032974011715834 0.47265511765328055 0.27972027972027963
0.9421875042650287 0.21657047037311689 0.600847970926711
0.6798325294221814 0.3714537668267253 0.2977667493796527
0.14438837001018093 0.4280441129121729 0.8653846153846153
0.7260487751668295 0.2765620192423995 0.03961703532518978
0.21478477324167736 0.37219993535251805 0.3076923076923076
0.2709059018478173 0.6117458108620119 0.02797202797202798
0.34331170592672045 0.7634204482373056 0.7118254879448909
0.38288627176131906 0.12607183123900967 0.0
0.11474655358249303 0.46209598882072594 0.6153846153846154
0.2670035250516238 0.7808014661040907 0.641025641025641
0.13798399515898788 0.6181165827349616 0.6593406593406593
0.6416904030285878 0.6018478524710693 0.100647016534867
0.4313452039970801 0.1547291355370866 0.9134615384615384
0.3293820908563377 0.5806614343555374 0.0
0.2184035946226766 0.5298072446721405 0.46153846153846156
0.35895530209584386 0.32469966724235444 0.5982905982905982
0.5759511193174016 0.5935309389291932 0.0
0.2102558821848359 0.30402213130288097 0.2461538461538462
0.14934237352030713 0.6545217288308124 0.1183431952662721
0.31803147792956105 0.37682014163023386 0.0
0.3973408042984466 0.6770217374485802 0.4208225167372591
0.45357752765989257 0.7217573711026296 0.05698005698005706
0.2620745228427091 0.19902169043320905 0.717948717948718
0.26205440986933953 0.3614400890583864 0.0
0.14810196830617495 0.381747477245678 0.5506072874493927
0.8342726302264787 0.3717009000770495 0.6850445691647408
0.612188250476332 0.5822271217183187 0.7448659937347719
0.44776319554247285 0.72478629888932 0.5242801890846583
0.71547441607341 0.3365087819494433 0.08791208791208793
0.6519265060095222 0.45490160641994026 0.08097165991902842
0.3022090169006332 0.731454125959395 0.6923076923076922
0.2263066114377866 0.5400785620297301 0.0
0.3422216506600774 0.3534041934555361 0.06993006993006987
0.37147794341789453 0.14642436621420238 0.32967032967032966
0.5164351230243042 0.5721339187140865 0.5619950825430277
0.9457691441931194 0.6450305172879378 0.6334841628959276
1.0 0.29595791615851336 0.0
0.29848268852899085 0.2912998229019727 1.0
0.5875433580343229 0.5034138648723196 0.7547169811320754
0.301262821514114 0.20983073865646637 0.0
0.297460542265836 0.5679038836203643 0.6837606837606837
0.5054392802605631 0.4097327723642738 0.16483516483516475
0.4139527066175976 0.11753143044912977 0.05917159763313605
0.5084916386436008 0.24500177603537052 0.39702233250620345
1.0 0.7032271636852375 0.4617854056056303
0.5081553223489906 0.28267864487477806 0.02958579881656811
0.6070198662792065 0.6352667090322675 0.19442096365173286
0.16100838891697306 0.17111941850336218 0.25641025641025633
0.23585858644727248 0.3534874136936139 0.8127721335268505
1.0 0.31135421554574605 0.029027576197387512
0.3547913428356474 0.8393603629487363 0.8547008547008547
0.3824707227909356 0.5624020075491573 0.0
1.0 0.716692042599053 0.49814643188137164
1.0 0.5891831950637596 0.3398624983785186
0.188733004786611 0.6506860846254102 0.7100591715976331
0.8507246368803908 0.2848194078303225 0.8569500674763834
1.0 0.21141954505408886 0.4733727810650888
1.0 0.7088634527805495 0.2662721893491125
1.0 0.18712776164523748 0.031080031080031108
