T:1605620796.11
~~~
T:1605620798.25
0.317577718973 0.485773754829 0.865384615385
1.0 0.397054025084 0.715917745621
0.55615742587 0.601605246252 0.598290598291
0.546289823746 0.867334066766 0.805860805861
0.131734223943 0.355297445207 0.25641025641
0.429830692077 0.806661131748 0.29106029106
1.0 0.0550541589948 0.597014925373
1.0 0.284377064556 0.225402504472
1.0 0.491234130442 0.700373795003
0.105722311434 0.07003486702 0.236686390533
0.935245683519 0.351974398055 0.917188075083
1.0 0.69083745654 0.104463437797
0.348067394996 0.467065219113 0.450488737782
0.34696083692 0.134028175653 0.0
0.819079187135 0.623628249626 0.790598290598
0.475080489128 0.693296477425 0.0
0.310264244846 0.259058968569 0.135746606335
0.346108922703 0.865924864949 0.4
0.108459010085 0.348779413951 0.576923076923
0.623217295352 0.211692593987 0.0
0.172457656667 0.579557857921 0.307692307692
0.132034227277 0.336123128103 0.0
0.638772625816 0.543893007053 0.100334448161
0.469500430392 0.187026215611 0.384615384615
0.686192402052 0.406116574258 0.731399747793
0.907800157724 0.668694674908 0.346020761246
0.69812930122 0.301045327492 0.230357877417
0.491308672342 0.490373626285 0.615384615385
0.428452828654 0.468033660686 0.0
1.0 0.756058998963 0.0
0.406134474056 0.37798754452 0.652680652681
1.0 0.676801582893 0.827067669173
0.436729258817 0.160627549598 0.593406593407
0.63331455203 0.358756527941 0.717948717949
0.458220841528 0.0755490964039 0.839160839161
0.800963408218 0.22932777607 0.232220609579
1.0 0.747121200696 0.312377977353
0.633897935565 0.293101686563 0.553846153846
0.592373552905 0.741100075904 0.242424242424
0.466358079218 0.17933830053 0.887573964497
0.973451650044 0.584449510667 0.706540155879
0.705846464532 0.728640104042 0.471677319815
0.519225886456 0.458301963505 0.0
0.452188293965 0.518775780819 0.0450281425891
0.142452555188 0.686911781384 0.453648915187
0.245349005946 0.289576336855 0.384615384615
0.354673474667 0.346440856214 0.633484162896
0.649138417758 0.764874737396 0.384615384615
0.815892908191 0.792569580107 0.645845382687
0.619058469624 0.450834637218 0.72967032967
1.0 0.576714935659 0.106275303644
0.994558855663 0.570807873087 0.0224592925323
0.608055265257 0.66398901038 0.561660561661
0.611572204609 0.419096535477 0.0448095593727
0.59923573396 0.645735075594 0.307692307692
0.498304075527 0.760055537072 0.350035285815
0.70660003607 0.289254673364 0.0
0.38496426358 0.570117811417 0.602986756833
1.0 0.38830115149 0.438052513524
0.665943817189 0.551690711067 0.373789173789
0.275963626489 0.536573829319 0.0
0.875915960063 0.427189263664 0.461538461538
0.583560130096 0.281226138442 0.0
0.245780044126 0.847930692643 0.00693000693001
0.157115865571 0.724836867359 0.0
0.590140489379 0.182098752405 0.0
0.689057354801 0.418297599772 0.0
0.302111898454 0.555073314855 0.202429149798
0.316282867454 0.752364046885 0.444444444444
0.269535545443 0.630843010095 0.10989010989
0.261700748767 0.675756018773 0.212201591512
0.611047098621 0.529117810625 0.260021668472
0.842691026691 0.384745820045 0.454364288561
1.0 0.755792836687 0.0759734093067
0.321504756418 0.658414795885 0.0
0.243994839874 0.756691274525 0.34188034188
0.391129954416 0.735296750702 0.288461538462
