T:1607427352.624906
~~~
T:1607427357.123738
0.19856391572990312 0.2779308618619197 0.5769230769230769
0.5022642557257955 0.13734466920067237 0.6334841628959276
0.6016065842843226 0.7344033220580977 0.3550295857988165
0.4552473959929255 0.043018837396766596 0.46153846153846156
0.5659947425499479 0.5485303577495743 0.41958041958041953
0.19592551349805257 0.5869816763560833 0.6293706293706293
0.22527518050480427 0.3072458144401683 0.6868131868131867
0.30754070298840613 0.26031074313491104 0.10733452593917713
0.4942571461706577 0.541681367801463 0.4807692307692307
0.432257318225229 0.5078700303717353 0.21466905187835425
0.4880458161874695 0.5163407495144534 0.11538461538461531
0.2061242454796656 0.2434985845139843 0.6153846153846154
0.5672583682585403 0.11954795770883891 0.0
0.5273488712842157 0.7123255119061096 0.8461538461538461
0.9335263407658658 0.4289780039389898 0.1940401940401941
0.24445151255248365 0.25682308072659116 0.0
0.37084811398448936 0.6016434817110715 0.0
0.31296807836465884 0.27780434889413064 0.6762468300929839
1.0 0.37570348836946355 0.12702893436838383
0.267922651502952 0.5842329244322474 0.7692307692307692
0.41313999695786247 0.073501701262659 0.0
0.5285878364184922 0.1498443170027827 0.5846153846153846
0.2647156636626499 0.48899780127781356 0.0
0.7040555308428498 0.7938914313054326 0.0
0.30396633045322274 0.026742967648413062 0.0
0.18644276601125134 0.7958160990358379 0.0
0.3836936306189068 0.09736973690075393 0.0
0.16383523962834826 0.6975367108386528 0.6993006993006994
1.0 0.22573054019580321 0.9525240384615384
0.5574399975452131 0.5392380402893556 0.42735042735042733
0.7031492274415465 0.37868239399248455 0.7788863855809461
0.20112755401984286 0.433461096203268 0.043956043956043966
0.258930688317331 0.6817431100438952 0.4733727810650888
0.9604706324897451 0.5413910062766897 0.5714285714285714
0.5472458185226177 0.5266747314364423 0.0
0.3954866953400921 0.12878811508621787 0.046620046620046575
0.39470161223714406 0.6231063931597468 0.7427055702917771
1.0 0.6890449189938308 0.3909621731403909
0.4433978271345623 0.3495207842760938 0.3076923076923076
0.44052571316192074 0.4594160467236676 0.1398601398601399
0.6964816196820423 0.3779188237634828 0.5157342657342657
0.0923926580674668 0.21076577058975446 0.6993006993006994
0.7210761193702502 0.050092051627171896 0.0
0.26276475895821383 0.17624018785174106 0.1318681318681319
0.40708617331193137 0.4810098287364562 0.0
0.6517632746229426 0.447536304016304 0.717948717948718
0.2774147821135297 0.4527566791036345 0.23748064016520393
0.7301431260131885 0.29231680014979683 0.025856496444731817
0.1263404862015354 0.7009268889843828 0.37135278514588865
0.3988568192110944 0.1787220422196461 0.6101249178172256
0.41117490827384107 0.8112192780822083 0.5103189493433395
0.5615887320590838 0.4614651813831439 0.7356235997012696
0.11526270052781812 0.5100057385491581 0.12145748987854255
0.14675773951830567 0.32616533446491436 0.7407407407407408
0.3731001322082016 0.35569757897365084 0.8351648351648352
0.7789251422718564 0.15698106135981424 0.009496676163342871
0.26068486037006683 0.23881773184674313 0.0
0.5517409873342621 0.5282793722813294 0.7660910518053374
0.9206912839069293 0.758468545534853 0.3605769230769231
0.14103930833089473 0.9671519205593498 0.3076923076923076
0.354576539852653 0.4263243690883402 0.7731354939476768
0.7154757938278686 0.7883408336519248 0.16471750947125682
0.22795515659583768 0.4372185127597363 0.6564102564102563
0.7142747894048097 0.21678682053357767 0.3278688524590164
0.4441134065567079 0.5858999297750666 0.8284023668639052
0.1770666041510886 0.1344622413953248 0.0
0.3382599991977221 0.46940019959096996 0.651890482398957
0.946395610355516 0.7960657060537863 0.16906170752324606
0.7973280883595395 0.5489808030411351 0.5925155925155924
0.26036546163918844 0.6000271150159278 0.06758099781355596
1.0 0.38610265469554345 0.0
0.9247984554929941 0.7682190571731169 0.6313795643481006
0.69649008488765 0.7345818565505712 0.9013047306491636
0.17269710699210125 1.0 0.0
0.21592506572598733 0.12364369976302399 0.4651162790697674
0.9344208234626462 0.7700101567717498 0.35150280183392757
0.5149863373015225 0.718712601267648 0.2582818641212802
