T:1607233084.963592
~~~
T:1607233088.933961
0.2721795990043169 0.7904653804602213 0.24860385516123212
0.4240734856268729 0.8077849030913211 0.6542232277526395
0.33794844162945425 0.7447595142941924 0.3263403263403264
0.31165037637756654 0.7137885477873542 0.123902942694889
0.2974258649252525 0.7433834066790159 0.4728299223712068
0.5140235876380631 0.6781707184962469 0.2287675150128682
0.5163131371477497 0.7246024017604333 0.033549005511622335
0.30949251197170574 0.8455550152475498 0.34188034188034183
0.554157383275053 0.5183792881019085 0.927451695224207
0.43767061919455885 0.650720939123717 0.9476709216066297
0.1940762021749721 0.8150941980640708 0.0
1.0 0.7001675729051844 0.6181318681318682
0.28195374607511825 0.8106615131938206 0.005494505494505475
0.7596723034615106 0.8326186676600342 0.0222965440356744
0.35542375662916437 0.6613370140747302 0.37346711259754733
0.17628213780722082 0.704319234164821 0.0
0.3152735468367649 0.6198645885309667 0.0
0.7625534768682516 0.7818105047674084 0.2644230769230769
0.3840585854818751 0.7477529608010722 0.3088578088578089
1.0 0.6230780775364908 0.0
0.47957133249278827 0.7360581081595585 0.145985401459854
0.6114465638130018 0.7241385387905984 0.6593406593406593
0.5745798059395635 0.17742818677448727 0.0
0.5985519387354633 0.731365430819856 0.05994005994005996
0.18878835940035116 0.6885854717686293 0.25289778714436245
0.3559877312155207 0.6501039834811115 0.7572115384615384
1.0 0.6448154396977516 0.058055152394775024
0.36601442371883963 0.6557821868417191 0.0
0.8871955017781014 0.7118126943573888 0.0
0.5380050686311076 0.42794132155534087 0.0
0.14455934213904537 0.8401817316985664 0.03273322422258597
0.9188109576453343 0.5765570572790063 0.20923076923076925
1.0 0.8126009049395608 0.5699535363964894
0.8676847365565321 0.5900774171899209 0.8906882591093117
0.10412266043904354 0.7824702813740505 0.1923076923076923
0.29853074143328995 0.11715101567398349 0.0
1.0 0.5946336954394403 0.15553677092138626
0.9063886359222698 0.6253007676833858 0.35897435897435886
0.21732755114268265 0.3959008549325089 0.3619909502262444
0.7107362617577082 0.48861929416552224 0.14285714285714285
0.20047524686463813 0.5896247589142188 0.0
0.48507406037628215 0.7063876183851232 0.295169946332737
0.5632288475130297 0.434336258027902 0.0
1.0 0.5032285466037584 0.5460164835164836
0.2910648126050058 0.48306628219175707 0.2011834319526627
0.6670371472479996 0.8189402327119121 0.0
0.6898939975609615 0.6875802054060227 0.8205128205128205
0.33819851664628703 1.0 0.0
0.2803401144942435 0.5812936837251387 0.4700854700854701
0.278924308657893 0.31186334022824386 0.8262108262108261
1.0 0.9037391248108204 0.0
0.25391766055474424 0.5445410258159378 0.717948717948718
0.32499898618827644 0.1364557744056673 0.8457711442786069
0.23394948929502368 0.34645489120349454 0.20512820512820507
0.6350932600374996 0.4863756552211526 0.5298436003830195
0.8600707665087952 0.7964532191912421 0.3405754550792719
1.0 0.628506773082914 0.7357859531772575
0.645099604519937 0.6398656475391207 0.019808517662594973
0.2363894876089998 0.3733422722709545 0.07414272474513445
0.8678252521670379 0.739669417602476 0.5128205128205129
0.4848702844494334 0.9005230911809106 0.7326007326007326
0.48227897780898277 0.3085780826237025 0.8026755852842808
0.5221313362687308 0.5920931959201078 0.25641025641025633
0.7244748787590208 0.486255598340432 0.32206119162640906
0.5409341987065387 0.8469415219196291 0.0
0.5435728218325561 0.8368583976335752 0.0
0.3247698226831553 0.6195245862873829 0.27972027972027963
0.590303297628286 0.4103246662774101 0.14157621519584712
0.7230021249420012 0.6903965263820777 0.12820512820512825
0.10797561237804285 0.37912020770464266 0.5128205128205129
0.6980538270843594 0.7378801071101848 0.4733727810650888
0.6740488179433468 0.48991153267923365 0.0
0.5502769209814732 0.3317299563044739 0.18315018315018317
0.98662372904703 0.4469603037133725 0.0
0.31070196036260933 0.6386171271938688 0.0
1.0 0.5111919192762481 0.6206756206756208
0.18780880629306732 0.6505982666625085 0.1769911504424778
