T:1607427446.474547
~~~
T:1607427449.4597828
0.9541977909135956 0.061087147464739616 0.05778259299386058
0.7322176947062294 0.06447382665897838 0.758082497212932
0.5943093238694751 0.3790065739539038 0.3885003885003884
0.5297124926450062 0.31917715719322703 0.3076923076923076
0.7438911338029527 0.4110868568392685 0.7247298156389065
0.7431638539798154 0.14321427464551864 0.0
0.7681076565026212 0.3498235583707139 0.315136476426799
1.0 0.43029862258923535 0.015915119363395257
1.0 0.4242003300626507 0.051282051282051266
1.0 0.2027235867035006 0.14877430262045643
0.3390477236820848 0.37205062417070434 0.0
0.8909945410128197 0.29069301360942656 0.951781442779806
0.8962305690664799 0.11565273148403737 0.08284023668639058
0.48374709978943 0.3223416334894864 0.0
0.5825315451922731 0.587170972416819 0.35897435897435886
0.9808321018180627 0.4599318772230808 0.0544588155207625
1.0 0.498733144215932 0.33238366571699896
0.8784338749986272 0.5194527380531065 0.49880902339918726
1.0 0.5470810849623104 0.36080242459229317
0.729231259778069 0.5752092573497257 0.7937517028426119
0.23163417040061338 0.8415748725520981 0.46153846153846156
1.0 0.7123347702057169 0.25539677713590764
0.9169830189465745 0.34264082465056095 0.4168245547555892
0.3507943971204412 0.40258405644536505 0.38009049773755654
0.2663299370642744 0.5187263526148599 0.25641025641025633
0.2919664306280079 0.4348320178968734 0.08453085376162303
0.6647129490132536 0.6519950811665679 0.4447685016405395
0.1553350558837984 0.7305382934597991 0.6153846153846154
0.6818977949869831 0.41547521745683913 0.006056935190793447
0.6977013295035283 0.5027932213965153 0.26457618814306705
0.335142600143069 0.5287026653353502 0.0
0.5248939171113014 0.4155971116747012 0.7590162646342421
0.5716418886569681 0.4814599876012663 0.10989010989010983
1.0 0.6516387490343667 0.5712431028886725
1.0 0.8821352508796311 0.6037000973709834
0.35093635888388014 0.6272214277061412 0.8644688644688644
0.4894204989030702 0.6006974521387113 0.16859852476290832
0.7863192756712903 0.6323660365388516 0.2615384615384616
0.31354762481220866 0.5441286144789598 0.41958041958041953
0.6415112093091875 0.6325421172296314 0.5372405372405372
0.6338818703716582 0.5972459936305377 0.6307102858826997
0.9816788476993352 0.746340880052548 0.012161751292186005
0.7785282536834944 0.47066643056929236 0.0
1.0 0.6506382475285039 0.646481178396072
0.7585875302487906 0.7989800204195598 0.16129032258064518
0.14731108733293335 0.6312162232053279 0.6424344885883346
0.4616059104398687 0.8386784254678729 0.47967241883591694
1.0 0.8003473308431139 0.06500541711809325
0.45246743234158515 0.7736508814966565 0.0
0.49726831265906585 0.8125641778568256 0.15215553677092136
0.23736934326575995 0.8673583797725859 0.49837486457204766
0.560751549396225 0.8991714143795654 0.0
0.8614281511958808 0.9526041391253631 0.36437246963562747
1.0 0.8174947273242796 0.293040293040293
0.376301302964307 0.7554121951451104 0.8461538461538461
0.22830528587664206 0.6586520667563944 0.8097165991902835
0.3629133178900073 0.5981116210141586 0.0885445489762036
1.0 0.2330076070572729 0.11202389843166537
0.3269369497543882 0.5808305744483502 0.08429926238145416
0.26552091894769847 0.7247215713864666 0.08316008316008316
0.8411371646660171 0.6696177755448041 0.3126954346466541
0.2933912739230533 0.6669168747753016 0.5698005698005697
0.35410891358078384 0.6053689376139473 0.33566433566433557
0.2830344356152613 0.5232588873122034 0.0
0.13873396332108873 0.6708464499235984 0.3619909502262444
1.0 0.7558259885288313 0.3898840885142255
0.28393452999568203 0.7590738877714741 0.08575031525851194
0.3625151285079349 0.5883347971602917 0.2714932126696833
0.7636160772691167 0.730860224259672 0.7087294727744166
0.5252831173063355 0.786486289210408 0.0
0.5353752325594757 0.6516263101666014 0.39787798408488056
0.5972140733589137 0.497601408829356 0.0
1.0 0.41011246256602923 0.4751131221719457
0.3034579740868413 0.648478317231618 0.8548931383577053
0.8732976141285456 0.7432690305623768 0.5601577909270218
0.06729648692594505 0.5352697701947545 0.0
1.0 0.6791682534146385 0.1972386587771203
