T:1607427388.709398
~~~
T:1607427392.7716851
0.3764689028701512 0.49713550335739926 0.0
0.4890957391239387 1.0 0.0
0.3397674523142106 0.771509164950349 0.0
0.3607057778224663 0.9462234352161971 0.6593406593406593
0.3306491043323154 0.8631925472571989 0.9615384615384615
0.31662187174102374 0.38577549336352224 0.6153846153846154
0.3830182482038314 0.9024222698197876 0.7100591715976331
0.9757120004148043 0.602322773935494 0.0
1.0 0.6131532208045057 0.6067172264355363
0.5684003042770973 0.6868269316866215 0.5076923076923077
0.5506320266981498 0.5581369727054762 0.4166666666666667
0.4747416382549291 0.34278590660066366 0.1538461538461538
0.5231793077849418 0.5362254746465304 0.8685779165483962
1.0 0.6102421861996125 0.0
0.3730158317936628 0.3471445247116964 0.15009380863039395
0.5502385155037579 0.7803879104935988 0.46153846153846156
0.8517044390946151 0.034798634813697334 0.8461538461538461
0.7214214611383603 0.6448587140442725 0.0
0.6184596786422917 0.6715457766413124 0.6993006993006994
0.30575076305353455 0.8405207956774733 0.4774535809018567
0.5397058929343621 0.5678996313117264 0.42735042735042733
0.6017142856462395 0.6403811854190125 0.4733727810650888
0.7606089800016633 0.8060922373435 0.5494505494505494
0.6048921424421584 0.5059564376775494 0.5453037528509227
0.4697862569792589 0.8416125887920093 0.605296343001261
0.7762303145247321 0.828759521514255 0.0
0.516998391788085 0.5208977104977234 0.1923076923076923
0.267225839703682 0.5789515597785838 0.673076923076923
0.8304314199463456 0.39257853505208373 0.5128205128205129
1.0 0.47131066135164223 0.18925518925518925
0.9269286743405785 0.7564265436341643 0.07973733583489688
0.9524346271392071 0.10925351716348945 0.0
1.0 0.7392241520861474 0.5429864253393665
1.0 0.768306504248335 0.21301775147928986
1.0 0.4433818677981624 0.772027972027972
0.6106523760213545 0.3684534613261581 0.04262739779112572
1.0 0.7893752732770142 0.27819674878498407
0.2398382328761319 0.5020576249448201 0.7692307692307692
0.7639680844507623 0.6300537131880619 0.6633144324382154
0.8147738940648703 0.244322404945864 0.6941838649155722
0.8040872384731489 0.807967976503984 0.33504273504273496
1.0 0.744754904613053 0.010796221322537145
1.0 0.4606233497619084 0.4428904428904428
0.725928830038503 0.5778301240136835 0.23060451325975953
0.6322021453910595 0.3986986676625266 0.7129455909943714
0.6570945117350654 0.39502655982758583 0.46801872074882994
0.6949486991666466 0.42714321858550414 0.12145748987854255
0.48822718212392463 0.6932437957087904 0.24966261808367063
1.0 0.23365677905317742 0.0
0.6328253687984525 0.29051179993091797 0.20306315608329029
0.7209294460385216 0.8760018588231958 0.5158639580004566
1.0 0.677998384475671 0.08409596834034135
0.6427104141867682 0.36338652319236325 0.1188511059755695
1.0 0.6882846059167227 0.45393559928443644
0.17967431629449998 0.22818845213254693 0.6020066889632106
0.7561829895471154 0.14714074589541262 0.3577817531305903
0.603908659873708 0.6002751528077084 0.09467455621301775
0.6267581379069379 0.4433892404860672 0.5044136191677175
0.3947975056874569 0.5700849948043872 0.4512820512820513
0.6547358437629718 0.5713358344035927 0.6024396315658451
1.0 0.4271402534630547 0.08609395470709345
1.0 0.7390640843859133 0.6386066763425254
1.0 0.7382716322555675 0.12369540007730964
0.43189081999609236 0.09335288129742254 0.9393721543254254
0.23230260371460268 0.4328980152051324 0.10989010989010983
1.0 0.4846171922741865 1.0
1.0 0.5963246265291219 0.18188707843880253
0.4560031293149236 0.30622809222073677 0.0
1.0 0.4418877837063483 0.027069704489059303
0.9041828193275026 0.4254177372584194 0.0
0.9447838100546894 0.4603180992618077 0.7504231709610683
0.5522837544006052 0.4537121116225499 0.37267080745341613
1.0 0.24912682388087085 0.0
1.0 0.270426578422314 0.17909571344685857
0.484316596290353 0.5927528000251738 0.11949215832710973
0.7756139238386088 0.17205577552050577 0.6698564593301436
0.801097366721155 0.41703467943999484 0.0
