T:1607232673.39712
~~~
T:1607232675.079798
0.18056642716682741 0.2932757280278889 0.5997392438070404
0.1458393995118297 0.11876042644671507 0.2366863905325444
0.12773625517759732 0.6226095714815297 0.5128205128205129
0.2840330867850511 0.7283227376392165 0.6500541711809317
0.16827074798034267 0.15600420767205614 0.5073649754500817
0.1830679947524505 0.2882411433595368 0.728744939271255
0.8443303422379455 0.5013965911366449 0.7550383196139654
0.5108980050358957 0.32583295211974406 0.717948717948718
0.426380102124106 0.5580058892126748 0.5487110466922042
0.24396592935340283 0.2568050827633858 0.34871794871794876
0.18185089804388432 0.18188503411852852 0.0
0.8011848557951797 0.5201773631565922 0.6358974358974359
0.7427548164854055 0.3206336246480386 0.06410256410256404
0.2011420325384231 0.4507679707131031 0.0222965440356744
0.3944501014009665 0.568145573798344 0.7100591715976331
0.08087702890058364 0.03200722674379954 0.0
0.11512510582786938 0.5204967029988793 0.7940446650124069
0.05067299457262241 0.03953181634936267 0.0
0.6717450355330663 0.6382727156838914 0.7932692307692307
0.3616749570408278 0.7637359842065252 0.6477732793522266
0.2586526059203648 0.4822412265856556 0.3577817531305903
1.0 0.48019506045213867 0.10256410256410253
0.7177866544857665 0.5952710717202162 0.4598662207357859
0.9318492349044967 0.3666870896890565 0.170940170940171
0.30995740304733677 0.08962279856910116 0.0
0.21064153520636833 0.5873879520918848 0.6491398896462187
0.5963540250823284 0.5582392441472008 0.3496503496503497
0.1632810758357424 0.2740552157643918 0.5647517039922102
0.0975416688572087 0.24404850526912072 0.5594405594405595
0.674336148332609 0.48318817665520253 0.2689618074233458
0.36441206438965473 0.506397349761237 0.6593406593406593
0.35336193642169994 0.03799090013721013 0.05215123859191659
0.4225320857297393 0.4709718606789027 0.0852641334569046
0.1446048824485606 0.7533571693074531 0.7326007326007326
0.3817802715993466 0.39849991752087366 0.20066889632107027
0.31280118692009984 0.5102116358330616 0.29459901800327337
0.12142020155538275 0.412012967094289 0.0
0.11925782107570033 0.6576014428640355 0.8058608058608059
0.868107198669431 0.4864612906316624 0.3144300954519932
0.5710004529588982 0.4808376536089257 0.6153846153846154
0.4174158978205516 0.299961746494734 0.21978021978021983
0.5130602347085559 0.20960101169448528 0.9313094931824029
0.3291361098281702 0.694071517052513 0.5970149253731343
0.1604718821906472 0.5959293113025615 0.15815959741193386
0.4130180044100475 0.26431047460144086 0.189520624303233
0.33273817075202994 0.6499015959477763 0.5128205128205129
0.21476096234260086 0.1487697697620075 0.0
0.3803146214480751 0.7226218505255295 0.6593406593406593
0.7413306419594182 0.28925699723318776 0.34717494894486045
0.3291682476728081 0.1036540329149013 0.41170097508125675
0.4178703532297611 0.4277696603137853 0.8961408961408961
0.11453248966141372 0.2498855461178768 0.4102564102564103
0.19558662282529643 0.1364023849375232 0.6593406593406593
0.530623156532495 0.38173738345126274 0.33264033264033266
0.3601843425550215 0.5243232533042619 0.1538461538461538
0.16348615163949262 0.39880735615165475 0.5128205128205129
0.19182439802468534 0.7971376391901214 0.8653846153846153
0.5056611849974729 0.7806965476529961 0.5021921084097251
0.2417082996822384 0.5219975562856903 0.4127579737335835
0.6749036173057713 0.494152117900677 0.0
0.19192182512599656 0.2179100598247687 0.21978021978021983
0.23566285602684586 0.2612058247831168 0.6273338312173264
0.49421136474948035 0.6892894123090538 0.6947890818858561
0.6080712739782318 0.7428514091553472 0.523076923076923
0.7951791390954255 0.3438772060891637 0.18648018648018647
0.47488140046247745 0.07006801932496698 1.0
0.666596058966075 0.604005167224216 0.26210826210826216
0.4630201842504581 0.5699976761416378 0.7692307692307692
1.0 0.5906552473587245 0.6187290969899666
0.6251788695465539 0.5451129014698491 0.05305039787798402
0.9799548630799219 0.4398055364457832 0.6688963210702341
0.7541818848415687 0.24267614586251646 0.0
0.7149225457975594 0.6548885691736206 0.3580067731011126
0.5569350555125809 0.6623997660945412 0.6308336015448985
0.20109713064226883 0.38215258709298827 0.42735042735042733
0.14551770063878416 0.43354206703515913 0.686070686070686
0.21187071816730693 0.49637393759643367 0.765045618146815
