T:1607428177.4335208
~~~
T:1607428180.530578
0.2228953252291922 0.3758579793878428 1.0
0.3146007635660089 0.4298970861521155 0.46153846153846156
0.5465443546016281 0.8142634272760539 0.6153846153846154
0.5292526788550402 0.724527173000429 0.0
0.9544264469743939 0.5323084512889271 0.9673659673659674
0.38315021548978007 0.4505702612927051 0.23310023310023306
0.4074709647545507 0.6129119333228369 0.0
0.13871445010976963 0.7258431524853587 0.8026755852842808
0.9074809247113117 0.6829865683941515 0.5846153846153846
0.9529310904898973 0.9819552188959412 0.3846153846153846
0.3102473926871905 0.9354511610231157 0.1923076923076923
0.385001789917123 0.5525206713005791 0.7970342910101946
0.2331707279947817 0.595130517725737 0.46153846153846156
0.11754852026075126 0.553617598638291 0.4733727810650888
0.7182825205728781 0.5227833697227323 0.6865177832919769
0.3602277723586464 0.5013549572352304 0.6593406593406593
0.8033948560887235 0.6155667485021573 0.5259875259875259
0.3246126075331214 0.46567022745843967 0.0
0.46520360314883813 0.6060875802337561 0.6234817813765182
0.3786609456012135 0.4881351318815313 0.0
0.7992169579135452 0.5359558688995749 0.257250945775536
0.2329384728949063 0.8422541462652461 0.13574660633484165
0.41052441339991946 0.6901392058501553 0.20512820512820507
0.14772116142909694 0.6143948206293187 0.23411371237458195
0.40789564680238516 0.6515275191729362 0.2592912705272255
0.21555222721277892 0.09395924438240905 0.6508875739644971
0.7788827481820386 0.676841786055644 0.63441712926249
0.22328358910673807 0.5067647532115037 0.0
0.5732817381489047 0.3934233242721351 0.1438848920863309
0.1334073047553855 0.39602239959568497 0.7692307692307692
0.37255480646661615 0.8753131293575461 0.0
0.5258356691395724 0.5258378872595737 0.16722408026755858
0.7826528566257653 0.4566052880397108 0.8888888888888887
0.3228778351773045 0.25085984265765315 0.0
0.18559739310157486 0.7290859510935087 0.8097165991902835
0.20403067906874828 0.5105954539240131 0.586080586080586
0.5542455826976506 0.5366915367825164 0.9549071618037135
0.336812710674829 0.3286958000827559 0.48323471400394474
0.18654871762009034 0.5272739272201693 0.0
0.6767832222061525 0.42138572025383836 0.0
0.6136954416996433 0.811094702027832 0.5187835420393561
0.7642270559451487 0.5025579410461466 0.0
0.21542489959624103 0.6919876862936706 0.0
0.18312646221082918 0.25291447833928293 0.6349206349206349
0.4255077956009706 0.4216476743311716 0.3846153846153846
0.2026770445010165 0.6225645542444834 0.2366863905325444
0.42200357510941783 0.8080677372803464 0.608974358974359
0.3491227608062237 0.5106576617813054 0.11266511266511262
0.34137345120435286 0.4877808526192021 0.6564102564102563
0.14091020210244526 0.2107470407883724 0.5917159763313609
0.12491464186618756 0.7940623364781696 0.641025641025641
0.19778696821569755 0.49997593791328243 0.4733727810650888
0.37220451757145595 0.5886800800040599 0.32805429864253394
0.7051760192149826 0.4158557842503457 0.24038461538461536
0.2977286230911819 0.3711039877820245 0.22624434389140274
0.109394921059333 0.5169181127184593 0.717948717948718
0.41207231779561354 0.7291103473573097 0.2166847237269773
0.4500273677430253 0.5664807852483755 0.0
0.15212301798984523 0.48383717420241995 0.9670329670329669
0.24120426064857947 0.656749808595542 0.4102564102564103
0.471356205786086 0.6873389611899856 0.0
0.5866223398272058 0.38961855354221064 0.0
0.6066261584886268 0.3971417696078601 0.6270506744440393
0.4343568321831221 0.19396280747675443 0.017286084701815082
0.16492144739939432 0.3269295005859991 0.8241758241758241
0.21471858446856004 0.394767943248132 0.0
0.9880878185119931 0.06336135064903445 0.004620004620004687
0.5462779574153428 0.2994574473315797 0.0
0.27154073023740916 0.434559323626647 0.43594431162986913
0.2276246884991717 0.42794340676002396 0.058422590068159655
0.5175385325213421 0.4224276290087519 0.9600828103771755
0.31145022330979155 0.6184776007163727 0.0
0.993018078955289 0.18441450764225037 0.8645024700070572
0.5826789862421001 0.16065232725990175 0.19964768056371107
0.47276259785428265 0.5782095381620355 0.0
0.3264825505965739 0.11494969139478625 0.30492030492030486
0.40253023654589726 0.08190409407633652 0.0
