T:1607236252.81967
~~~
T:1607236254.4214919
0.23847613546545632 0.04513876088485049 0.1923076923076923
0.21669072361108582 0.5629616538383411 0.6153846153846154
0.33190538354290633 0.5774729784170948 0.979020979020979
0.3880471194318792 0.5675557584809842 0.5897435897435896
0.3874774418069287 0.5371035212272202 0.06993006993006987
0.3910711346262689 0.2495974303143567 0.6153846153846154
1.0 0.04952930462306224 0.05366726296958847
0.3284331306980911 0.598299371759646 0.1538461538461538
0.29612941460548814 0.38688076067036475 0.9364548494983278
0.4956986540307367 0.07548457605575098 0.0
0.376965946956919 0.6857418003487835 0.44352044352044356
0.3056159581215505 0.20988787999337774 0.3055100927441352
0.26705755335886594 0.24486631241717272 0.4142011834319527
0.41837418659366554 0.5461206954450517 0.7912087912087911
0.4447748691773709 0.16804474091719543 0.21062271062271054
0.5650171757818128 0.5194249825553299 0.62876254180602
0.5087800284768411 0.6008661115036107 0.8910256410256409
0.6515021417664438 0.09623969170591828 0.0
0.34302668610983705 0.1411736056532961 0.641025641025641
0.334285174577105 0.2319923963048135 0.0
0.3653350796806645 0.49179265644927017 0.0
0.1187812644766345 0.5533932888511542 0.45995241871530534
0.20073691192567839 0.3430654075003971 0.0
0.4008872208390945 0.524354089369627 0.0
0.49802458215946976 0.734409577831538 0.0
0.5238672072309958 0.19806283461651872 0.5982905982905982
0.4061355481046756 0.6945838345358545 0.6769230769230768
0.910846243190521 0.49896163760178996 0.33136094674556216
0.6164128166667757 0.6405162839014092 0.40318302387267896
0.30463266586411814 0.6927320261183051 0.6153846153846154
0.1906545123573328 0.4539754561358364 0.6593406593406593
0.7368648325861611 0.5536067686533394 0.07030603804797347
0.8352440353676434 0.35609352187147053 0.7155188950700172
0.11454491738416775 0.17106182880382842 0.8284023668639052
0.6078426662122669 0.9804850377575852 0.3846153846153846
0.8577652937721706 0.7032007603012127 0.10033444816053505
0.16440204936644784 0.6460168475271242 0.3396603396603396
0.2823973036377506 0.5774119555892839 0.7692307692307692
0.3921482077536794 0.5896272353313002 0.06546644844517177
0.1300607811613214 0.7957799070106015 0.1809954751131222
0.6987475599068191 0.3299054716283266 0.8333333333333334
0.6121680361012739 0.5224251076557679 0.5006827492034592
1.0 0.26751287137299556 0.6378986866791745
1.0 0.7023178269539183 0.41958041958041953
0.5780096219500884 0.38941936295256363 0.5128205128205129
0.16694989854583486 0.570775135981528 0.12820512820512825
0.1287964560007014 0.3380857800148662 0.5982905982905982
0.3214835171421805 0.3221122771104276 0.054945054945054916
0.5598542193291165 0.6365651931217631 0.7326007326007326
0.7815790654396599 0.5558356446287719 0.9020698177324682
0.7226311239087996 0.7878529777599239 0.4982517482517482
0.6101155753399449 0.612650194926002 0.8457892818082392
0.1465179034991295 0.3931387307334614 0.4166666666666667
0.9322320298473292 0.7940580585467107 0.6627218934911243
0.30644659202694513 0.5597216539436936 0.20979020979020976
0.3833443918530505 0.7917389319285248 0.2322206095791001
0.6062768423790024 0.7949797047221792 0.1794317993022097
0.8526043363143009 0.5641431949529703 0.0
0.3540367734539704 0.5828578951638052 0.8710772542850046
0.3533857730175145 0.7666861382490392 0.04158004158004149
0.5860751002788694 0.5170277440583366 0.7692307692307692
0.25675809789705506 0.7447892019220246 0.979020979020979
0.46490676119653934 0.7068620989337498 0.3076923076923076
0.9696232856601656 0.7722062348207984 0.09152320767051653
0.5663733870884866 0.5985980173771801 0.21978021978021983
0.8180137176058362 0.6841971003769701 0.5008944543828265
0.94715865554372 0.6856740164850267 0.3076923076923076
1.0 0.3221687886899919 0.6334841628959276
0.2773274304415103 0.3172873831139903 0.22104332449160033
0.4096976297580285 0.954906951513505 0.34188034188034183
0.450766285765115 0.8744718333190425 0.0
1.0 0.8152558305788119 0.1776514478593001
0.8033537779009077 0.8002476869533431 0.3618179143991764
0.32008224441592825 0.6897195875280584 0.7538461538461538
0.25214230524145514 0.5777690208737081 0.1923076923076923
0.46484875411476695 0.6121500451451406 0.07912087912087905
0.5030113354779543 0.8578180860819131 0.0
