T:1605620856.9
~~~
T:1605620859.59
0.349853406044 0.538115471121 0.0
0.432688013827 0.778713291018 0.0839160839161
0.29639506472 0.715333482396 0.816225575068
0.586501208042 0.743407639466 0.421652421652
0.78072851598 0.626857802895 0.0
0.397154814405 0.739106516429 0.329230769231
0.762398502537 0.398303875144 0.0
0.219206381616 0.888887348807 0.29106029106
0.846000065788 0.70381757672 0.515079634022
0.715760050264 0.712695615289 0.828402366864
0.4876230103 0.912436559017 0.25641025641
1.0 0.785689265954 0.053050397878
0.38100089941 0.3873455586 0.80971659919
0.250395606513 0.244260016741 0.267558528428
0.12997771323 0.73023204456 0.25641025641
0.335940769136 0.756506100439 1.0
0.0746381408089 0.592360788269 0.717948717949
0.125264988069 0.64123682415 0.0
0.50036651366 0.594894725477 1.0
0.488336064319 0.71376538294 0.615384615385
0.116704511763 0.341564140794 0.932400932401
0.0853499782925 0.510077006649 0.0
0.521595644187 0.717931464655 0.734787600459
0.513215288355 0.584640142455 0.627943485086
0.526238289921 0.201059721197 0.239316239316
0.691865784651 0.722259888216 0.464441219158
0.793165222398 0.277491349751 0.0
0.477022892346 0.676446836163 0.85020242915
0.451328013487 0.277179688745 0.559440559441
0.727158243031 0.624279462308 0.21978021978
0.315894714272 0.611735522763 0.03663003663
0.911206699775 0.449621906989 0.480769230769
0.38773793414 0.315134535619 0.683760683761
0.482503111391 0.67256693122 0.622299049265
0.300130925215 0.836500867506 0.631560832903
0.533359660183 0.693765280789 0.719602977667
0.180269959678 0.654099010181 0.161943319838
0.259037034494 0.69129676873 0.0291375291375
0.481679545658 0.159762735329 0.686070686071
0.129517891203 0.699167915107 0.512820512821
0.640979686876 0.107220455628 0.17094017094
1.0 0.550834307316 0.514695542118
0.155980628146 0.966200393874 0.559440559441
0.547779038029 0.232151713335 0.0
0.87711579049 0.647296804314 0.00511116790187
0.388644305405 0.700406188901 0.436724565757
0.717050957207 0.502089821465 0.21978021978
0.615627917502 0.413950412493 0.60918946825
0.610094220882 0.355505366737 0.462296324365
0.45370182487 0.465324060848 0.726495726496
0.270008397516 0.701825633646 0.154231733179
0.126734629265 0.132377552332 0.473372781065
0.326479711293 0.318986285072 1.0
0.77253613655 0.717396757449 0.344003822265
0.362451400452 0.503856296398 0.0115673799884
0.261649659186 0.331082396025 0.0
0.63055099898 0.246367291284 0.37319116527
0.601280908047 0.718960643564 0.0190521552751
0.460509490251 0.0516197459671 0.0
0.31139014288 0.732449054719 0.0189933523267
0.499224641925 0.235047248364 0.566996029181
1.0 0.776213938611 0.646020646021
0.217130125916 0.588573918093 0.376766091052
0.328232045143 0.431299610762 0.0
0.332111795596 0.629750443129 0.544378698225
0.388325843151 0.236707473692 0.714882943144
0.638870886198 0.669455882324 0.592780532811
1.0 0.652625542504 0.242076763816
0.223728838062 0.238777638864 0.0699300699301
0.337161111598 0.642993525264 0.0
0.115233637835 0.77126725597 0.336538461538
0.196398525055 0.486607441502 0.0
0.189576365534 0.598113327248 0.492307692308
0.638540055602 0.569634167452 0.38966661856
0.725214296639 0.356398130569 0.00516262261229
0.500920201382 0.68300304652 0.582995951417
0.271320052625 0.465875318604 0.0
