T:1605620866.26
~~~
T:1605620868.52
0.247548371241 0.547057653997 0.118343195266
0.229816888078 0.705958678774 0.577793247477
0.774583169389 0.725912578025 0.37955465587
0.545621799038 0.934437232257 0.663534938344
0.716536330461 0.366464209779 0.162513542795
0.178791110431 0.911966836902 0.725689404935
0.946915328747 0.841296239583 0.763490241102
0.238301910197 0.41067473982 0.980392156863
0.724521940424 0.537591394474 0.890688259109
0.437624839023 0.750610833604 0.163411717816
0.841801215965 0.560153833882 0.796812749004
0.780938968257 0.727973936293 0.454490217523
0.919420289578 0.265994387501 0.32967032967
0.263625058178 0.424747026583 0.604395604396
0.2953712165 0.503954513138 0.0
0.195957158385 0.335082856197 0.576923076923
0.399461560329 0.372673087338 0.242914979757
0.997362654962 0.744716066177 0.845813478557
0.451548347942 0.460985221078 0.743374272786
0.766960004766 0.583327086421 0.825396825397
0.360942370693 0.647636479752 0.068073519401
0.132055655178 0.161900014489 0.153846153846
0.651876285932 0.651752505649 0.653432588916
0.0986413392963 0.238045915256 0.0
1.0 0.629605623567 0.21978021978
0.141771353312 0.838183522154 0.0961538461538
0.910894903182 0.505000016924 0.541310541311
0.235507334711 0.729554476872 0.52036199095
0.20737712782 0.311557401245 0.377358490566
0.901647217414 0.731727083611 0.189673340358
0.217464773002 0.833721433183 0.512820512821
0.249029741679 0.789529983871 0.519750519751
0.262101790675 0.213598052887 0.10989010989
0.434062339558 0.571023273378 0.519480519481
1.0 0.388161471753 0.906104571585
0.468102576081 0.796871786451 0.470957613815
0.141058771992 0.643092297495 0.979020979021
0.280559017435 0.83679823794 0.25641025641
0.501014868452 0.877542533022 0.0
0.516800812298 0.291112348807 0.367892976589
0.357449168342 0.701569446542 0.104895104895
0.897888650592 0.291852302948 0.740019474197
0.767393867853 0.313862140772 0.0
0.729876708538 0.717422919977 0.402684563758
0.275206888598 0.751205816226 0.43956043956
0.372077963429 0.70305764661 0.639219934995
0.762986822361 0.232755445125 0.0
0.795882178555 0.83240461871 0.0252206809584
0.152439647278 0.714436310641 0.629370629371
0.218087249868 0.830409283327 0.10989010989
0.399826199949 0.511046960393 0.0
0.284259821416 0.24959550432 0.769230769231
0.107521623829 0.243773312507 0.0
0.339597840291 0.617923493453 0.854700854701
0.621774227914 0.650676787603 0.721153846154
0.761523793121 0.808884589234 0.130177514793
0.277217752522 0.524593544182 0.17094017094
0.145490233688 0.503434689158 0.769230769231
0.917050832446 0.523550184849 0.0229621125144
0.588194814253 0.766332095729 0.307692307692
0.228554590241 0.773406800136 0.0
0.11307948516 0.40879184285 0.102564102564
1.0 0.790885677223 0.301659125189
0.297597353581 0.768544449747 0.376766091052
0.381745673022 0.655797916218 0.0923076923077
0.87683680112 0.724375170975 0.266505148395
0.135578585633 0.548051598017 0.0
0.751992790245 0.830945424322 0.302356602935
0.333493104892 0.546890347635 0.0
0.309832819858 0.614024086155 0.940170940171
0.56013413639 0.79437457981 0.0
0.220725274227 0.596471304705 0.615384615385
0.9957006634 0.171752077601 0.042735042735
0.208609134653 0.402542840326 0.0
0.212315590813 0.720832439975 0.659340659341
0.33738268237 0.393675242559 0.21978021978
0.681436043559 0.767646714871 0.527472527473
