T:1605620802.6
~~~
T:1605620808.33
1.0 0.4314975192 0.066889632107
1.0 0.778333708113 0.336538461538
0.493723221274 0.49063167671 0.0
0.851753885856 0.543329911157 0.77580539119
0.888133936097 0.637830003634 0.478975830482
0.438354288854 0.647124870297 0.042735042735
0.472165687481 0.485250878957 0.0
0.700863979629 0.116115269078 0.706661759293
0.402981069532 0.542043648949 1.0
0.79853303663 0.456909289772 0.0
0.598044839948 0.264703000289 0.0
0.52651654631 0.541035798288 0.214932126697
0.689132662848 0.389588984238 0.0
0.369409135158 0.556545967635 0.566801619433
0.947616822726 0.537373898622 0.0
0.784423143352 0.193816515011 0.00932400932401
1.0 0.041321974466 0.832557273235
0.390639897999 0.39146861376 0.0
0.413274460559 0.175775881038 0.123902942695
1.0 0.786166865246 0.371855632519
0.567304595455 0.305339484365 0.869565217391
1.0 0.378966388925 0.860215053763
0.513918471299 0.380286688836 0.0
0.47329163938 0.34782194898 0.461538461538
0.384119174628 0.412952727496 0.0
1.0 0.670888909554 0.457686643254
1.0 0.35352028983 0.828270728159
1.0 0.596056838988 0.026525198939
0.799663134166 0.152739397765 0.276134122288
0.774376230059 0.135339740692 0.0
0.415145812891 0.599068711602 0.710059171598
0.976749033182 0.488645946295 0.152608785317
0.280741789952 0.240677973752 0.623470581977
0.727598024601 0.927514554573 0.0650054171181
0.961007176609 0.401078343442 0.00537923614847
1.0 0.460044462839 0.63417498532
0.327583477864 0.420558989011 0.10395010395
0.548280982991 0.67232266244 0.487050637804
0.775786614665 0.277336444439 0.735785953177
0.462933339863 0.550731024197 0.850943927867
1.0 0.559853306891 0.294795025334
0.466006920904 0.504494280179 0.177514792899
1.0 0.643235030915 0.440559440559
1.0 0.48735865747 0.173801094303
0.651298290017 0.456811766612 0.25641025641
1.0 0.315882909672 0.739460290022
0.232588685681 0.585860311964 0.839160839161
0.464885950674 0.378183823648 0.29776674938
0.466628927456 0.751250300104 0.465483234714
0.789827680339 0.44119673807 0.25974025974
0.593561268016 0.43619974627 0.528360528361
0.639209671985 0.669467826705 0.174577195854
1.0 0.684082894352 0.0
0.63300568188 0.647818236311 0.649938296997
0.527604104947 0.63764110018 0.473372781065
0.709557854487 0.49747468908 0.0
0.211192748378 0.716932840417 0.0
0.407209399387 0.150140603896 0.269230769231
1.0 0.0883932862944 0.0
1.0 0.257294994894 0.475338614873
0.140776560448 0.292489259985 0.0
0.727020210951 0.575955752939 0.555401277423
0.591459210481 0.652360749758 0.416121745333
0.820931679119 0.197217554233 0.00443360673908
0.822803208466 0.810140565948 0.198511166253
1.0 0.537005998784 0.277989337395
0.253529562269 0.444072706426 0.769230769231
0.927165430114 0.293441032421 0.606400898372
0.228614421933 0.436698710359 0.355029585799
0.962994191808 0.16067550171 0.358659745163
0.86470418867 0.490971933962 0.0769230769231
0.626269238273 0.654872810711 0.650183150183
1.0 0.698104893169 0.677527241342
0.315661836847 0.768769060578 0.452488687783
0.131570958142 1.0 0.0
1.0 0.553323726949 0.0913033553983
0.367424148738 0.618486743358 0.34882207471
