T:1607232697.870529
~~~
T:1607232700.567811
0.4307563892847422 0.8145449936322363 0.23076923076923078
0.29360312944665073 0.5685511048148689 0.0
0.5614280542054295 0.8910506523582001 0.0
0.720975833502681 0.6809476935903046 0.19113269622434587
0.6274822421570037 0.6788536086897788 0.5879470847623715
0.40292180032060715 0.635854527432167 0.5128205128205129
0.5448912012124281 0.7086463424065864 0.8205128205128205
0.4443169990414731 0.6519524411551709 0.8058608058608059
0.9794152584628693 0.6930098048766437 0.4853479853479853
0.24210378123239387 0.3075457727786741 0.25641025641025633
0.4719470375739869 1.0 0.0
0.9395365521484708 0.7161740547636495 0.5568664464369986
0.13828432038938077 0.20388788172584604 0.1923076923076923
0.38413868810131624 0.7136634184055053 0.024813895781637695
0.6550902274369567 0.6732221387603442 0.717948717948718
0.5386130563479824 0.4955736604373174 0.07384615384615391
0.21583393924861896 0.7198542878782358 0.6451612903225805
0.36508048611462574 0.2811839194845722 0.1809954751131222
0.7067206391594254 0.5205139621765381 0.08573469873779467
0.548336428454966 0.35994046186988427 0.1398601398601399
0.24725290821517704 0.6125577148934974 1.0
1.0 0.45228793001939466 0.0
0.49954972574609496 0.5043308297351925 0.0
0.3434032557469281 0.21507742604137237 0.4558404558404558
0.8239273629298314 0.16578114354859422 0.5256241787122208
0.47321884643354734 0.5086487234570812 0.6386066763425254
0.3725443257186662 0.7096626506333025 0.8695652173913044
0.32276202971438644 0.4416983370217377 0.07268322228952154
0.6230004020936649 0.6074052875960925 0.7472527472527473
0.46685283339789696 0.8235775231213033 0.11721611721611713
0.7354762371188411 0.4243131104947091 0.0
0.4323337524272662 0.10022697992274146 0.641025641025641
0.4711530312969712 0.35357540225624223 0.9954751131221717
0.49354298361074844 0.7671478976924199 0.5982905982905982
0.44541764788085786 0.5947686711166348 0.5769230769230769
0.9424831579061447 0.13310962914420832 0.6208224764925796
0.7357529043330224 0.1597734387196554 0.5976757055893747
0.6032395756106398 0.38780444894057775 0.6153846153846154
0.7035921700983704 0.20503174965936377 0.18507807981492191
0.22784558880287026 0.6536535377361792 0.11764705882352933
1.0 0.6492146314213948 0.34461538461538455
0.1587513991914761 0.76545621286661 0.0
0.34182705253089196 0.6093442000144529 0.13574660633484165
0.4824789628946924 0.3340640158353852 0.0
0.3392287610498612 0.7094110851097034 0.3846153846153846
0.42313038943049036 0.04018208069962797 0.3021978021978021
0.6330759750128708 0.41745656767295886 0.41958041958041953
0.2824816183923032 0.534640066644585 0.8394685622408394
0.7139570774735462 0.11939661650076713 0.43419994639506837
0.9324528656753794 0.1404231811055631 0.5372405372405372
0.9020106250668086 0.6437644704534805 0.0
0.966176128275275 0.592565501082712 0.016968325791855143
0.7489137700833236 0.6801839325774622 0.378698224852071
0.42359243400793783 0.2737321906197894 0.6153846153846154
0.5069143892014527 0.6904039877692029 0.32428355957767724
0.5846658131546129 0.29825919046352284 0.0
0.9033928341406142 0.412667967233134 0.608974358974359
0.7182262388716022 0.5498388692060998 0.7692307692307692
0.642825522508422 0.1864549631484791 0.3846153846153846
0.7696704104119029 0.3933316573149932 0.39627039627039623
0.5399556579757284 0.2020649380160676 0.21116138763197578
0.7603620701386646 0.14217232283404166 0.9554655870445343
0.6800014138655165 0.4021928615188202 0.6564102564102563
0.26746123196960586 0.6450774249858725 0.5851413543721236
0.42579659717642443 0.09366082171980301 0.0
0.3724179100687579 0.19411999841622024 0.0
0.5169771462632639 0.24154245066013555 0.9735464907878701
0.24373051900666043 0.16177323125701304 0.0
0.668465298017807 0.6422970930113647 0.2036199095022624
0.37064147865390995 0.23077480029531663 0.4895104895104896
1.0 0.5144879904288886 0.6510232886379675
1.0 0.20713034952592912 0.5953075755807167
0.4479385451054048 0.7462343251532538 0.0
0.46829000043371566 0.40511704023495293 0.6627218934911243
0.4373295321191555 0.02668350916675071 0.0
0.5428782666090719 0.15182965460842984 0.4733727810650888
0.62250699170004 0.4851470219633295 0.4628999319264806
