T:1605620829.03
~~~
T:1605620834.72
0.557455765248 0.591838286092 0.603700097371
0.732827232383 0.515505129868 0.732600732601
0.810357805258 0.105412531683 0.326047578795
1.0 0.45190524892 0.644606789858
0.500519594164 0.338797412595 0.471464019851
0.72301440727 0.517979590118 0.59012066365
0.323903696845 0.595347946606 0.363115145724
0.952320418496 0.699699455681 0.646942800789
0.78130530012 0.473235814199 0.360238353196
0.618114325227 0.0414977280644 0.041135335253
1.0 0.282425058838 0.41429436705
1.0 0.498311205266 0.796236605976
0.465381587135 0.635605284596 0.607787274454
0.771968059477 0.566762291425 0.101596516691
0.481195652557 0.564027309051 0.893772893773
0.437234348612 0.131719755055 0.00412456176531
0.775809496996 0.676591408737 0.666217387119
0.813206547425 0.417520200904 0.00955566172957
0.271767166801 0.736019697029 0.361204013378
0.385734750687 0.188187008706 1.0
0.375318319018 0.177770766302 0.772345063843
0.468737777118 0.259501781734 0.857310628303
0.47555437816 0.614599430625 0.687317578382
0.511231321451 0.260189580254 0.769230769231
0.447586982337 0.815068375356 0.250231696015
0.286730096261 0.516760261952 0.292112950341
1.0 0.577832630459 0.702778896496
0.860219789306 0.417609805189 0.0480769230769
0.649045828871 0.512785335706 0.0350789275871
0.89885166652 0.24838222674 0.0323886639676
0.279403836589 0.680265905727 0.649038461538
0.278038439724 0.625226862028 0.0
0.150213989135 0.559515400002 1.0
0.636423537638 0.612828535846 0.480323386042
0.326253339667 0.621548247957 0.488687782805
0.246863191193 0.532134087354 0.737179487179
0.506932309955 0.310047678155 0.0
0.578178229099 0.261784135566 0.19954940457
0.134771103557 0.557906575365 0.403530895334
0.101774365805 0.657552549725 0.0
0.136738806705 0.562580969063 0.615384615385
0.33335853269 0.682905096916 0.662874103389
0.257184917702 0.384877782137 0.252747252747
0.360137179135 0.17107774099 0.0
0.458290794422 0.669828239804 0.27149321267
0.431288907008 0.56002971692 0.662366419563
0.524219705998 0.27081966071 0.549450549451
0.572678684674 0.85577693262 0.0870827285922
0.601576091954 0.169885225056 0.0
0.681344324138 0.554062045938 0.275971451229
0.465149207282 0.490050731604 0.535897435897
0.384484783437 0.864084941123 0.675422138837
0.358975080965 0.38753718654 0.0
0.119814330657 0.655584431552 0.0
1.0 0.714547601921 0.124522996586
0.374141951335 0.405995449842 0.461538461538
0.247314971989 0.606471192153 0.30284675954
0.515278798638 0.830801637125 0.576923076923
0.826476877689 0.500720255684 0.246794871795
0.344980784702 0.0477644844414 0.923076923077
0.242650406683 0.593389580419 0.979020979021
0.474326609192 0.448003902667 0.404858299595
0.509746815432 0.692802873674 0.0
0.910624910497 0.981845881653 0.879120879121
0.120620937508 0.5727442612 0.0
0.556137974947 0.498160840406 0.586080586081
0.162296498765 0.07204361156 0.553213909378
0.140970595715 0.286566698606 0.307692307692
0.753724852813 0.672936051263 0.769230769231
0.264262839156 0.788458633809 0.0
1.0 0.675428385936 0.674264007597
0.886977384064 0.789367162057 0.00622858922454
0.225546829366 0.670046361838 0.25641025641
0.354999043077 0.387725849605 0.307692307692
0.505031158689 0.388556701056 0.0
0.369121059493 0.377371635021 0.274725274725
0.164033467531 0.381788937152 0.0
