T:1607427989.652687
~~~
T:1607427992.613313
0.17156303471766943 0.150189463250306 1.0
0.5428130492450637 0.5995462379155359 0.7451923076923077
0.2585438911194447 0.4402169342446315 0.0
0.600669053736157 0.48325199199387175 0.1854882705946535
0.2953983734621002 0.5921484642497757 0.608974358974359
0.22144112694478757 0.43877212750465605 0.17751479289940833
0.23414797909020427 0.34400535120236175 0.41958041958041953
0.44475982368408906 0.5944592022917997 0.7617138561763969
0.3059290878079144 0.29446598185610146 0.97165991902834
0.29531757996213776 0.16201847700462277 0.5538461538461538
0.2418937322017063 0.4714546482791988 0.5594405594405595
0.4741218019904895 0.6186730216536407 0.6349206349206349
0.5851314780963112 0.6121296257958292 0.5241660993873383
0.09732546713178257 0.3408818232136823 0.0
0.750133738282332 0.6327918441334545 0.7788595271210015
0.36744096624435496 0.33974590245245406 0.29352226720647767
0.17379437727911534 0.47959106290281917 0.27972027972027963
0.29901542543463616 0.9632352883856942 0.641025641025641
0.3374827577602495 0.4919448602635181 0.6451612903225805
0.3793652753305523 0.12808236285850627 0.5128205128205129
0.30710216405192864 0.7097787595636295 0.3744043567052417
0.24054885492257003 0.7115462247063598 0.3550295857988165
0.5234656631019662 0.6131343908655894 0.7337278106508875
0.12728120582489388 0.2798992533153742 0.170940170940171
0.2777306274891382 0.3414274865158478 0.4895104895104896
0.5953401017261268 0.18328531485175326 0.8238119496397641
0.10882219788532554 0.8252227212390746 0.6508875739644971
0.2730996948862137 0.7708452276902202 0.0904977375565611
0.18678514418947703 0.5809418760962628 0.5494505494505494
0.7033683633634973 0.4845521863433595 0.165680473372781
0.1219864601858904 0.6338282427741143 0.9088209088209087
0.317370347486449 0.6786081986798146 0.1923076923076923
0.20592277152800778 0.6172993297508343 0.2429149797570851
0.24549200094659707 0.18096748923326436 0.3076923076923076
0.758021925052293 0.7006267322451862 0.062370062370062415
0.780091435722797 0.5525027494545974 0.8562478245736165
0.49676726082116285 0.25296466566636266 0.0
0.17348609939743875 0.8110244754027485 0.4395604395604395
0.4576125217068492 0.08429454724399996 0.0
0.46045006866844407 0.5945098242850125 0.0
0.12431488375474152 0.5876451969884754 0.6593406593406593
1.0 0.5840263240567573 0.8457241082939406
0.607176478308225 0.5249271968788934 0.21978021978021983
0.2832882791492978 0.2562699856139014 0.0
0.6310416810517723 0.4772853221985499 0.0
0.3150675426458544 0.4743740832432905 0.1923076923076923
0.446539936228678 0.5499691312480731 0.12820512820512825
0.5643477652282817 0.7020115089174708 0.75
0.7808025141511563 0.4047645783791213 0.5304172951231775
0.3349470448085996 0.5999983852624615 0.24132730015082954
0.6071078353256577 0.12507339169622053 0.0
0.2897787324417002 0.8763669595938024 0.0
0.6065390878651753 0.4199063306449945 0.0
0.7204569276352907 0.6920371965309512 0.7692307692307692
0.2817619461172271 0.6991716881295531 0.0
1.0 0.695691811652738 0.680473372781065
0.41782306086555493 0.6482544013815581 0.8472686733556298
0.8111262784815556 0.587263664020483 0.16933885786344804
0.3626269416927031 0.4478283117746621 0.10256410256410253
0.5572462324432995 0.6530888531097122 0.18535681186283604
0.3313794833067984 0.30143278864219814 0.0
0.7226068495024484 0.6426899796290528 0.25246548323471396
0.9080695640402457 0.6572774346166016 0.3864382063434197
0.12632849693081435 0.5831684117664923 0.0
0.5010799693852634 0.5208905943961243 0.0
0.9901216658390682 0.6013245630833293 0.9219858156028368
0.5994875671146583 0.43170254266903846 0.013736263736263687
0.5901840334595592 0.782258441596884 0.0
0.6796885923085153 0.3778836541678778 0.0
0.18801610391109475 0.7912090413142683 0.6224310041103934
0.861547544906056 0.4604955586347404 0.45364891518737666
0.4877592776974428 0.3551159983677589 0.42056708723375397
0.5342355892174347 0.2547012105675182 0.0
0.6048523543073977 0.426904395071726 0.38273921200750466
0.7088911802704702 0.258507807220419 0.0
1.0 0.3494086073106494 0.38249043773905655
1.0 0.6753860026080707 0.35847647498132934
