T:1607428841.469304
~~~
T:1607428844.53792
0.34996203748854254 0.07778653892073488 0.08429926238145416
0.3209350900260347 0.44948459603636837 0.0
0.6438670969140612 0.7607359306720969 0.0
0.4049876830923646 0.39484485948432635 0.396130815292492
0.7552350532741535 0.5818197651063913 0.015384615384615398
0.9565595629043406 0.4431949482880777 0.48840048840048833
0.4738838450156666 0.9353463755488007 0.1465201465201465
0.8550229535453612 0.6871207943258109 0.05698005698005706
0.17159442953839513 0.2286248903702521 0.31674208144796384
0.16272324052082546 0.431309116386756 0.20512820512820507
0.37196747379446593 0.5713987149023014 0.6072874493927125
0.6206103084009776 0.4807086908011222 1.0
1.0 0.5127413122777155 0.18065268065268067
0.23187386735338014 0.3057689002717147 0.7326007326007326
0.41360363206173534 0.23131378224222304 0.7416487894575544
0.2428185465529103 0.4001392470931082 0.8723235527359238
0.6344832635385074 0.7311981738240431 0.10558069381598789
0.31529975585525816 0.452514507849254 0.0
0.224685445347947 0.4238780283135538 0.0
0.5221031069761637 0.3856420592214173 0.6873977086743044
0.6283133612131564 0.19982231887115265 0.411663807890223
0.5865602636222015 0.6591841470621258 0.5400981996726677
0.6484927934883442 0.2894809970867264 0.7822685788787483
0.11346383969464971 0.33997236735291525 0.0
1.0 0.8016722427264805 0.5877769119447847
0.4403337874506533 0.847388753655939 0.7419083648591845
0.5953706050626468 0.26190283249610036 0.0
0.3087251512674656 0.8477038850972092 0.1398601398601399
0.9253802358661333 0.3094058985573039 0.004763038818766428
0.3869886538212069 0.6445533206535645 0.1923076923076923
0.17838388287815551 0.09692993272835301 0.8205128205128205
0.33595705139273546 0.8026788374281267 0.3438496986884083
1.0 0.16323352423214937 0.0
0.5145585453329581 0.5625795133961577 0.552095606800202
0.27124732786364764 1.0 0.21978021978021983
0.8689872161020856 0.1992854454568982 0.5865384615384615
0.12350719140866202 0.14254980898019687 0.0
0.8554172985074436 0.7245264819184755 0.556070435588508
0.5961441748829466 0.794155830739261 0.5128205128205129
0.11479155157659796 0.49685722722033204 0.5698005698005697
0.5618389908069608 0.7035229725719256 0.32967032967032966
0.3540923314474471 0.15266810961814276 0.0
0.8083654667311936 0.17842943491220653 0.029873039581777432
0.5809462435056589 0.31329016850865454 0.4797353184449958
0.3808029484891301 0.5214896284829476 0.170940170940171
0.36506336184377186 0.43027824894220984 0.5982905982905982
1.0 0.5598154473098993 0.6363371811038898
0.5323657546176311 0.33943757845487044 0.7169529499626587
0.5117372515375429 0.5929612267512013 0.09691096305269534
0.17693467962715778 0.11834919704141635 0.1538461538461538
0.2898965579061622 0.25856398818717374 0.8841732979664013
1.0 0.10788361220320311 0.144927536231884
0.2754505072619518 0.35958789153663034 0.738045738045738
0.7070001252210845 0.5263873017474255 0.4812761930512369
0.26750185594174 0.17938845757885816 0.41958041958041953
0.8643055928268086 0.1779171013687518 0.851063829787234
0.8494759639934182 0.3932794290552133 0.39651070578905623
0.5556319578936827 0.761412712051553 0.5769230769230769
0.8557882629313812 0.2742731088962702 0.6871648976912134
0.5643749389126829 0.5182782586901753 0.1465201465201465
0.40465679827448475 0.5373690601645139 0.10989010989010983
0.5291489684699402 0.24785970575461727 0.04354136429608126
0.9047829290537476 0.412127487089001 0.3947368421052631
0.20915454198855396 0.47604473124535535 0.6923076923076922
0.4795430068925801 0.4119004983802534 0.3076923076923076
0.5784166140373185 0.5873711120924615 0.6105006105006106
0.6122063489791377 0.8401725343599379 0.0
1.0 0.3209639469995797 0.0
0.49407382224231594 0.8143313225242231 0.3605769230769231
0.4441803387419424 0.7892901872123225 0.8114961961115807
1.0 0.49093879154335374 0.04998611496806445
0.47287783460109284 0.3963522555712451 0.0
0.25960910734548454 0.5740206506157152 0.41958041958041953
0.5070789843800151 0.6486319642081049 0.17369727047146402
0.22462064243101595 0.47464770473481066 0.0
0.7792476544956977 0.7554903662012264 0.4703429101019463
0.7674491763332499 0.4006246159448332 0.5091705447577334
