T:1607232640.428332
~~~
T:1607232642.973172
0.19111619420123685 0.24583472294646908 0.5982905982905982
0.19069550787396983 0.25553641451192244 0.8717948717948717
0.19866077998844123 0.41120792637031756 0.0
0.2841555444660825 0.2485478214824723 0.8144796380090498
0.15643154597097556 0.3850090102582604 0.5538461538461538
0.1625918719777308 0.45259387784815613 0.3846153846153846
0.16263819031015228 0.5176161676218235 0.717948717948718
0.5356401873577431 0.244603405028674 0.20512820512820507
0.24421403521267263 0.5733781937256818 0.0
0.24348857199466895 0.5205608654249578 0.0
0.2364950806432357 0.13426188965003694 0.0
0.33121539997109894 0.2774886113852291 0.2393162393162393
0.2093282419736535 0.823872542736224 0.1923076923076923
0.15882459006787972 0.1728146614708908 0.0
0.207476845900673 0.91649635172953 0.27972027972027963
0.09310956110291094 0.44156898800983996 0.7692307692307692
0.7717160248057765 0.7928920136888168 0.0
0.16514543561188152 0.3878476642855579 0.7692307692307692
0.48467214598804353 0.6226535737807165 0.25641025641025633
0.7384029952655233 0.1389096030839392 0.7129455909943714
0.9329513895565681 0.315958055720837 0.32217782217782215
0.2656982904793814 0.5698583186052881 0.5748098055790364
0.27646762773384664 0.49195647251142577 0.04048582995951412
1.0 0.401213751698636 0.4524886877828053
1.0 0.43041312068835247 0.4584304584304585
0.10553687595889981 0.23173833936502203 0.34188034188034183
0.22191808500542454 0.031311251288234726 0.0
0.4810850341260322 0.7238972459014799 0.06957866254348662
1.0 0.30809118865363766 0.10519395134779747
0.6066313121404796 0.5147905806841591 0.7982583454281568
0.10465212869223448 0.3192995696152536 0.8653846153846153
0.33082639198489866 0.49415691828017816 0.4102564102564103
0.1688535917539706 0.07894925227186093 0.25641025641025633
0.6340156148170945 0.2769657258621491 0.49773755656108587
0.5881210469214543 0.21927798525689554 0.5182760501909438
0.22535431522197907 0.44029794758054036 0.0
0.12187791562682013 0.6479593296576058 0.32967032967032966
0.2870930872209303 0.2848686449502596 0.0
0.2624359863675255 0.6886990418460276 0.334448160535117
0.1928439226725103 0.4003874368812853 0.7564102564102564
0.5167876544112255 0.38840812038005285 0.5515239477503628
0.29419635194390953 0.8342580877893956 0.25641025641025633
0.1793233378242514 0.691754729024021 0.0
0.9452323595598153 0.3640141212415915 0.2794636556104445
0.3133500752759338 0.11189755504251529 0.641025641025641
0.3870226899055755 0.3944327661022199 0.25641025641025633
0.23379600059877104 0.665315471399495 0.0
0.2151118436754831 0.47621348164850263 0.06888633754305398
0.7675455396225124 0.21523806433123557 0.8209437621202327
0.6434195590141316 0.2856531216356452 0.44102564102564096
1.0 0.15923052399323362 0.9210853871048046
0.3748459148819793 0.49822095102192204 0.49492237656122323
0.20710383181762018 0.6759756415248525 0.3222453222453222
0.31106233967928143 0.23552785359257963 0.28622540250447226
0.29691581018015817 0.10904274218218157 0.0
0.6446497038043034 0.21741170695362966 0.5470551247118004
0.40897750348970185 0.06592513222370311 0.9502262443438914
0.5572983914227769 0.3938841896224992 0.5883575883575883
0.30753180857015205 0.41888168480816496 0.6593406593406593
0.36273876103560376 0.2004160185843865 0.0
0.8581796228103875 0.8040113599901159 0.10733452593917713
0.5290676512404368 0.33795793762524 0.21459876076771944
0.26962662587050895 0.35244618408479245 0.0
0.278037994987096 0.27070628875734337 0.0
0.4396976342310057 0.5850676487680035 0.6451612903225805
0.34092068141377835 0.14678331432963077 0.0
0.8580547268145662 0.7099806313378172 0.586080586080586
0.36515642879614546 0.8300157936015095 0.8017334777898157
0.48436663537871333 0.06465967588682865 0.07131940906775346
0.5164116764759734 0.5575528339704068 0.834478021978022
0.8031511774815389 0.36478190190350007 0.0
0.9571183000201174 0.41194172145690294 0.5463895436040282
0.32984190547089864 0.6342269510269196 0.42735042735042733
0.6214587269967972 0.5247430952989853 0.49357771684225726
0.44466380073391976 0.5488028680714463 0.0
0.46115977565837757 0.7237176127868628 0.5542283803153368
0.4873558173049662 0.761798773934951 0.5065666041275797
