T:1607427830.5509372
~~~
T:1607427834.425042
0.7330447183531305 0.18698384969919096 0.586080586080586
0.8688021522682734 0.1559856461175034 0.3400809716599191
1.0 0.2705939868905356 0.0
1.0 0.18077811670759156 0.0
0.8734223627746829 0.19892442047506098 0.17582417582417587
0.7254136860463718 0.033572472172483464 0.0
1.0 0.8474117368914915 0.6290261462675255
0.38817906200125385 0.21159728173530037 0.923076923076923
0.4508022214592099 0.09025511714053573 0.0
0.3982335828787005 0.14302546773287558 0.0
0.48304290716313963 0.11136203560061525 0.0
0.9768196556663894 0.6526999008829792 0.7878626563747672
1.0 0.13619011477137558 0.2972027972027973
0.4542004894428731 0.143441273248327 0.170940170940171
0.5682720848159327 0.28148246515748737 0.32967032967032966
1.0 0.21648929982364087 0.20731042007637748
0.7094347813804219 0.25695669685913003 0.2366863905325444
0.43356839009077736 0.15007897650140736 0.0
0.9406689211565222 0.7924440115896584 0.6305170239596469
1.0 0.5809790430343709 0.35827186512118026
1.0 0.4065282647963003 0.0
0.42167661546086027 0.39789048197603333 0.08316008316008316
0.4796120986757375 0.144148429492411 0.2366863905325444
0.5248406691047641 0.5857207851360632 0.334448160535117
0.8164194286006874 0.08333812700480725 0.0
0.291920740917715 0.39910556746229076 0.5917159763313609
0.8775204523630361 0.47620722883085265 0.24420024420024417
0.6447598585595321 0.5016833543502599 0.10733452593917713
0.32992712935666496 0.3265476640227865 0.1538461538461538
0.4734398756724775 0.15373509982172573 0.0
0.18742841456364984 0.3347188168362411 0.0
0.23933584156925217 0.613265484979962 0.10989010989010983
0.5685535148979949 0.654142512280132 0.5391190006574621
0.921527462831388 0.37333469698384014 0.06993006993006987
1.0 0.8457198796941662 0.0
0.4510345958012507 0.4474024630203347 0.641025641025641
0.4774801680989491 0.7727112611214879 0.2815485168426345
0.5655377433818239 0.6293129632840416 0.34861690034103815
0.49207036897378476 0.5443022916623285 0.0
0.24080298449998855 0.0849970238999501 0.6465997770345596
0.8278099265603992 0.07089065078042872 0.2238229997427322
1.0 0.2788712544250038 0.4643962848297214
0.9567577671200868 0.705937618118204 0.06993006993006987
0.25822621659371436 0.7402066822102382 0.41514041514041516
0.1150497466427649 0.4275288085509818 0.5128205128205129
0.39049829672400205 0.5420486173383083 0.8407871198568874
0.5755404698795781 0.305497896731811 0.17416545718432505
0.7855199026640616 0.6093435715016429 0.43215211754537597
0.2892679672536605 0.3719641590530893 0.7708885941644562
0.18373447594061687 0.7345609932452156 0.0
0.28853278818810274 0.6295623007251653 0.5067873303167422
0.4888982085734031 0.3110896568925405 0.2213100124933071
0.2730028721084509 0.5288719984787081 0.3273322422258592
0.20558337006384966 0.4593429159400856 0.6153846153846154
0.2542512146649808 0.16616517884326118 0.019723865877711962
0.31567402650506676 0.5745892338256796 0.20319303338171257
0.167451828808641 0.5661243397770069 0.5594405594405595
0.2648439919323097 0.6986618644558779 0.0
0.49242565454687853 0.2425166026682627 0.7349223546406644
0.4918998162578973 0.7523448311915563 0.30421555845284654
0.35921426996509603 0.72020354109195 0.7357859531772575
0.4977242699252603 0.4718014502283127 0.6802288620470438
0.733197402326455 0.6481616854670376 0.0
0.3349446234697956 0.3317643438889154 0.022893772893772812
0.18277707229250925 0.4045000085542608 0.4602235371466141
0.10810027803029372 0.3810663537938951 0.8205128205128205
0.4259501016673387 0.586069889335041 0.6094935991843209
0.36464968217209487 0.36175444356121095 0.7313997477931904
0.1324610203493059 0.5952335729549469 0.3377110694183864
0.31857939147037606 0.15926886157104994 0.9946548919358585
0.13211424795781224 0.7673765036320543 0.6993006993006994
0.14104641785990585 0.7243129485095585 0.9049773755656109
0.41296046291752103 0.4074141298784538 0.5146552910416953
0.9865310547739089 0.7340316740273621 0.3782051282051282
0.13787000680122702 0.4869460947217608 1.0
0.33106645695169273 0.6883391072139602 0.0
0.25290299449417336 0.36768036632448464 0.07155635062611802
