T:1605620876.01
~~~
T:1605620878.8
0.449370471762 0.324236763059 0.183858320941
0.354051099414 0.48874986669 0.920089619119
1.0 0.154543953963 0.884226884227
0.950148204407 0.135219806986 0.301831501832
0.351970848135 0.601804908585 0.711693369921
0.595551707502 0.466314667316 0.424028268551
0.445294318391 0.51886066463 0.490028490028
0.510357897457 0.206998614668 0.0
0.166248697397 0.14004411146 0.376766091052
0.682443792413 0.185213814911 0.536672629696
0.391329362402 0.294745439708 0.57188884414
0.198137662243 0.317953491388 0.602006688963
0.734310218504 0.778248475394 0.762925598991
1.0 0.14942500954 0.269408011343
0.213232694885 0.306253319158 0.295857988166
0.314784106679 0.0631676118737 0.0
0.268776072446 0.51016972672 0.692307692308
1.0 0.484758644196 0.276701715551
0.939659436448 0.532648771633 0.75956043956
0.474193895808 0.103349944353 0.512820512821
0.735534215888 0.224009877543 0.398297354819
0.367233748625 0.692057123242 0.614143920596
0.250913890999 0.583351755795 0.377536573856
0.51883263936 0.395160852899 0.0307692307692
0.464099561804 0.144625347464 0.492307692308
0.904859150716 0.087349918507 0.0
0.889638135057 0.591379583606 0.387231815803
0.157614243057 0.64047732293 0.845141700405
0.410870727594 0.238415215992 0.982391102873
0.158889206573 0.203351165321 0.820512820513
0.397649757523 0.868742248842 0.452488687783
0.310670666326 0.664037444 0.477453580902
0.286442687951 0.492375848824 0.242914979757
0.286788003522 0.551896388201 0.706860706861
0.160092739809 0.571001370023 0.0
0.43052976199 0.18503803982 0.0
0.387758453436 0.544264874077 0.681114551084
0.360112683267 0.263796640921 0.0
0.327574249356 0.952705202024 0.41958041958
0.496819517937 0.525667157544 0.283478517644
0.0912303419469 0.211700506662 0.0
0.154013438909 0.294154402737 0.4662004662
0.727336088884 0.70621378127 0.148404650012
0.495558059982 0.965819025642 0.21978021978
0.409426284509 0.741073450235 0.821678321678
1.0 0.689627940678 0.0170309395402
0.413547427073 0.623428169107 0.126448893572
0.392552592015 0.560765622671 0.14245014245
0.176934373913 0.681556323027 0.0
0.686377069791 0.144527156374 0.0
0.199003776431 0.210613882221 0.0
0.236973022156 0.372792864474 0.0
0.17365657481 0.334335893441 0.0
1.0 0.351389082472 0.0
0.380342590293 0.779161071414 0.450488737782
0.228018672089 0.58554024469 0.66889632107
1.0 0.623549869033 0.227424749164
0.269674434608 0.713416248824 0.710059171598
0.479339130302 0.636476331198 0.0
0.346841429916 0.237616566653 0.0
0.234472503469 1.0 0.0
1.0 0.33291689269 1.0
0.403454132438 0.611614702478 0.186813186813
0.432692983231 0.673137377985 0.0328330206379
0.627722509416 0.446955593711 0.10989010989
0.616918324907 0.650572568756 0.0699300699301
0.298609987721 0.22547635038 0.615384615385
0.282882213565 0.544187659994 0.576923076923
0.220235608273 0.254210969999 0.0
0.664256306557 0.782644355046 0.265906932574
0.640261854226 0.543061907866 0.172413793103
0.363110884013 0.602310590263 0.276923076923
0.903217887148 0.74245785864 0.377867746289
0.898852155286 0.653555901419 0.495726495726
0.37271126326 0.821434353984 0.683760683761
0.639116804365 0.478759256281 0.747863247863
0.306026769983 0.271281050496 0.17094017094
