T:1607428034.94501
~~~
T:1607428040.475992
0.926167677716702 0.5448904148441421 0.9508263619669455
1.0 0.8943818459545991 0.0
1.0 0.34612823219082867 0.3192459714198845
0.41115140548244206 0.2728619394336948 0.2429149797570851
0.7629668971176543 0.8509738605410871 0.628385698808234
0.2468036950961572 0.7631732880945614 0.3846153846153846
0.7895727040366475 0.6822647669528862 0.6569136385087305
1.0 0.8031230774143745 0.07815713698066636
0.2657359551472609 0.6975308267067981 0.6993006993006994
0.5261192589353949 0.912704974544641 0.10256410256410253
1.0 0.7897987093323081 0.012507817385866234
0.417894014072066 0.5043615202610784 0.584045584045584
1.0 0.209527035774553 0.36688762139663944
0.22748330562513183 0.4735156348140221 0.6688963210702341
0.9692364297723368 0.33752472099970615 0.3952991452991452
0.8195548747683687 0.6691597006245793 0.3333333333333333
0.6416235772133562 0.6430502045851647 0.4228946409041195
0.5148463395574665 0.8723999744570283 0.6355012001371585
0.4682363932762698 0.8037490792857208 0.34090909090909083
0.40612202008595144 0.7795198375000509 0.6911928651059086
0.5153381137439302 0.6598609987752261 0.3703703703703703
0.5111056038298889 0.5786224347923746 0.673076923076923
0.4905533732398905 0.44787197107427834 0.7948007670999362
0.8566528813796084 0.7630220201144675 0.3558346415489273
0.49173701440836104 0.7991524567870959 0.5422446406052962
0.4574845772954761 0.7322875016970235 0.17889087656529515
0.9508252629989945 0.3517688371943495 0.0
0.8818568291606806 0.7154588324875542 0.011312217194570096
0.529439539493453 0.7034098528100399 0.01091107474086199
0.3850349989992107 0.43951706397730195 0.0
1.0 0.8696835643438626 0.26415094339622636
0.34681824426862945 0.7978306667616148 0.30896639592291764
0.23720285809299466 0.7722640168448051 0.5802197802197802
0.23502327992406316 0.7872932591006521 0.8650774145981813
1.0 0.5626931495896951 0.10537407797681778
0.642502554488753 0.5487349531550556 0.6348020911127707
0.5747897206119168 0.7019299771922819 0.5159474671669793
1.0 0.7886364464140505 0.6477732793522266
0.6742520715513018 0.31687339820264476 0.0
0.8643109139398629 0.7860490581444571 0.1807591885920868
0.7132595978665309 0.5501965333334424 0.6795245570755775
0.7823669198677092 0.1759733865274544 0.6650531411133327
0.7936415230031636 0.35283379196768605 0.9810844892812106
0.36409501656885623 0.0683783662075794 0.00829359319925355
0.28103434541242245 0.7757811493694986 0.1790608441439796
0.5219666194511582 0.45363152080370883 0.0
0.23612534551212516 0.6998096153562552 0.6043956043956045
0.7783103839350667 0.36042892604928073 0.1384916453409604
0.29425387912903217 0.641612256313571 0.03932170066355369
0.3422778186574016 0.7952239406566166 0.6139731827805223
0.23205092979839403 0.5879524593913491 0.5698005698005697
0.4988399757080397 0.4715730069079262 0.4412641621943947
0.1988827893691862 0.6696479413687035 0.0
0.5192483915784276 0.8312192613306633 0.7767640411818867
0.6038863458599495 0.43533103428846454 0.2600216684723727
0.4330689421358777 0.06031154501187837 0.46566460359563805
0.8125860981093143 0.4836791342041152 0.019980019980019987
0.31357172766149866 0.6629849564760896 0.27397260273972607
0.49381903291608237 0.26362331172039394 0.6971153846153846
0.6506188717919186 0.4593895644253118 0.08958130477117815
0.22556097135540357 0.4949715595595142 0.5786873676781933
0.22059224131906158 0.4201224425659521 0.8862876254180602
0.38629427172849506 0.13772624448026247 0.7457171649311387
0.32499713018578646 0.7650497720873353 0.20717437176290052
0.08396576101583626 0.5427361391120754 0.8974358974358972
0.34424456354614186 0.4194774872815461 0.015984015984015987
0.271648093585025 0.4532050422742408 0.0
0.12391279122192626 0.3163295609047713 0.5917159763313609
0.29095900210254333 0.6543509436529914 0.8205128205128205
0.5029571840918493 0.3262069522811524 0.29613578909353555
0.1400588908519383 0.11448410230032688 0.0
0.35216165685328593 0.524773434398665 0.011353959693443105
0.4424767775728687 0.5731173462207864 0.3346927295738996
0.13568036087558816 0.42441768971320953 0.0
0.40345781818080256 0.4633451300923676 0.6966618287373004
0.7705735051742582 0.35793481179155884 0.5812445980985306
0.35756095026245766 0.586351016006629 0.4859360822663574
