T:1607233045.289415
~~~
T:1607233045.751464
1.0 0.928844146729903 0.20790020790020783
1.0 0.7360851761546715 0.6009615384615384
1.0 1.0 0.0
1.0 0.8142872077331145 0.32967032967032966
1.0 0.43411671075257313 0.6882591093117408
1.0 0.5617535591911623 0.4662004662004661
1.0 0.7816055979647522 0.3703703703703703
1.0 0.5808101421185297 0.5769230769230769
1.0 0.582530756566443 0.2024291497975708
1.0 0.5942718425618453 0.6495726495726496
1.0 0.8092709424935469 0.0
1.0 0.7982317176755144 0.16194331983805665
1.0 0.49266317073251437 0.7384615384615384
1.0 0.5417381355478141 0.1465201465201465
1.0 0.38354206646805494 0.1465201465201465
1.0 0.768131155623793 0.0
1.0 0.5772189485298351 0.8653846153846153
1.0 0.4223557221472174 0.0
1.0 0.5541051830296531 0.3076923076923076
1.0 0.6955470461001081 0.4682274247491639
1.0 0.8184885111259946 0.4923076923076922
1.0 0.6672085087040067 0.0
1.0 0.736731059170771 0.9467455621301776
1.0 0.6169393269947623 0.48433048433048426
1.0 0.5519620265317655 0.923076923076923
1.0 0.6649036450929768 0.1923076923076923
1.0 0.535482395981113 0.6105006105006106
1.0 0.6785871643792136 0.3846153846153846
1.0 0.7149901557478237 0.4755244755244755
1.0 0.7681016656154704 0.1337792642140469
1.0 1.0 0.0
1.0 0.6290921532126957 0.27972027972027963
1.0 0.5145397092821543 0.0
1.0 0.6261687055938713 0.9819967266775778
1.0 0.6336767483160968 0.28205128205128205
1.0 0.46122226154167617 0.0
1.0 0.6290822722004792 0.641025641025641
1.0 0.730106531301609 0.8205128205128205
1.0 0.720828422972575 0.09615384615384615
1.0 0.29593251290881434 0.8216783216783218
1.0 0.736271313195856 0.04273504273504275
1.0 0.45207755436986125 0.41958041958041953
1.0 1.0 0.0
1.0 0.931191221518892 0.1538461538461538
1.0 0.35956989270013073 0.0
1.0 0.8153628645800332 0.0
1.0 0.7142974927655283 0.717948717948718
1.0 0.6989022767892298 0.7459207459207459
1.0 0.5255066303619819 0.4142011834319527
1.0 0.8015703343595237 0.32967032967032966
1.0 0.7862770508060748 0.07504690431519706
1.0 0.9070312740421891 0.5668016194331984
1.0 0.8375087273048087 0.41958041958041953
1.0 0.9893655992628329 0.0
1.0 0.529298863007409 0.6993006993006994
1.0 0.1773140629202736 0.3076923076923076
1.0 0.09491817082214234 0.8284023668639052
1.0 0.510934410616329 0.0
1.0 0.701845236572159 0.5128205128205129
1.0 0.707323922181365 0.40485829959514175
1.0 0.6412156454343338 0.4582651391162029
1.0 0.6947792798401509 0.3076923076923076
1.0 0.5225324274862951 0.0
1.0 0.23403901388476495 0.0
1.0 0.8631651680303241 0.7692307692307692
1.0 0.826146476679474 0.0
1.0 0.6202313576594087 0.8974358974358972
1.0 0.40294580762776605 0.7692307692307692
1.0 0.2613565770520337 0.6219312602291326
1.0 0.3913864676225525 0.3139717425431711
1.0 0.48709727836910666 0.2714932126696833
1.0 0.08359234804628064 0.051282051282051266
1.0 0.5248515435311988 0.0
1.0 0.339064446347253 0.7100591715976331
1.0 0.5023425984633355 0.586080586080586
1.0 0.8263939341300158 0.0
1.0 0.21505487161074763 0.21978021978021983
