T:1607427768.315371
~~~
T:1607427768.830247
1.0 0.3881943801614729 0.0
1.0 0.5923214130172932 0.8695652173913044
1.0 0.4666301445102715 0.7239819004524887
1.0 0.3916060943059379 0.7912087912087911
1.0 0.35651947550392443 0.0
1.0 0.3962467795385917 0.4395604395604395
1.0 0.6873400714531355 0.7692307692307692
1.0 0.7918826733788922 0.37422037422037413
1.0 0.4571812327294932 0.15915119363395222
1.0 0.7911696339903446 0.043956043956043966
1.0 0.6158492177621535 0.3076923076923076
1.0 0.5584969288240552 0.1923076923076923
1.0 0.5588130868920714 0.5874125874125874
1.0 0.5708170856895242 0.5128205128205129
1.0 0.3572779944638817 1.0
1.0 0.8158615007842155 0.0
1.0 0.42320650965440865 0.1183431952662721
1.0 0.6717915686534295 0.5494505494505494
1.0 0.4653085219786787 0.3550295857988165
1.0 0.637487791075134 0.1923076923076923
1.0 0.27409501851414475 0.0
1.0 0.04575007462426339 0.37523452157598497
1.0 0.48491025309043817 0.21978021978021983
1.0 0.29436693831351596 0.0
1.0 0.4981722401725575 0.8333333333333334
1.0 0.4267412256888792 0.0
1.0 0.5358621776023338 0.7692307692307692
1.0 0.8264633191174355 0.0
1.0 0.3883508015053705 0.0
1.0 0.49188234224007393 0.8547008547008547
1.0 0.02107214425965969 0.23076923076923078
1.0 0.5142197654403708 0.19639934533551548
1.0 0.3199837583773873 0.3550295857988165
1.0 0.723264779296605 0.4102564102564103
1.0 0.5909694346654107 0.0
1.0 0.3991348405136183 0.5743589743589743
1.0 0.04777251103494648 0.608974358974359
1.0 0.16928032438536245 0.0
1.0 0.5023626901898769 0.5494505494505494
1.0 0.09789525088467739 0.841799709724238
1.0 0.681911426563551 0.48582995951417
1.0 0.6936394280731373 0.7357859531772575
1.0 0.3066628531140154 0.27972027972027963
1.0 0.5954513396657897 0.0
1.0 0.36039439181465005 0.46153846153846156
1.0 0.5868527761319782 0.0
1.0 0.17584337583631143 1.0
1.0 0.1142107721258109 0.0
1.0 0.6497293456220756 0.3619909502262444
1.0 0.3716315840850994 1.0
1.0 0.07096184711753994 0.09925558312655094
1.0 0.010833933613916904 0.0
1.0 0.13073802899975284 0.3238866396761133
1.0 0.18105424301413028 0.879120879120879
1.0 0.7032628249862596 1.0
1.0 0.6202512425757447 0.21978021978021983
1.0 0.36571187086570023 0.06153846153846159
1.0 0.463997655034525 0.3076923076923076
1.0 0.21688406300637542 0.0
1.0 0.7287268403754114 0.4733727810650888
1.0 0.8661706159757689 0.21978021978021983
1.0 0.37021414612262543 0.5594405594405595
1.0 0.6090451106145841 0.5128205128205129
1.0 0.45913423672215725 0.0
1.0 0.4047206098521986 0.0
1.0 0.7254545173486219 0.0
1.0 0.221284784762495 0.6370192307692307
1.0 0.4821172304666913 0.1923076923076923
1.0 0.7012201982427215 0.0
1.0 0.668477541654402 0.0
1.0 0.05375451126508454 0.20979020979020976
1.0 0.6641812210583037 0.7239819004524887
1.0 0.5391214210476882 0.7692307692307692
1.0 0.6715537269066144 0.7692307692307692
1.0 0.1200495806719342 0.8906882591093117
1.0 0.11875169465448929 0.0
1.0 0.4875151860307717 0.32146957520091857
1.0 0.33699465418140145 0.23468057366362455
