T:1607427192.40768
~~~
T:1607427192.853357
1.0 0.10134044504566359 1.0
1.0 0.10012741190918298 0.4895104895104896
1.0 0.3130932349931336 0.5128205128205129
1.0 0.36049120998311274 0.170940170940171
1.0 0.3183924067549482 0.5128205128205129
1.0 0.21049277936102484 0.0
1.0 0.029322109060376803 0.7547169811320754
1.0 0.4916707550087556 0.05917159763313605
1.0 0.07435841798679384 1.0
1.0 0.12276839765180793 0.5128205128205129
1.0 0.5954941579293443 0.8205128205128205
1.0 0.30686458008310696 0.3846153846153846
1.0 0.024792300609369766 0.0
1.0 0.3969744544933872 0.4733727810650888
1.0 0.06150946419710448 0.4733727810650888
1.0 0.45477156700243776 0.6993006993006994
1.0 0.31459991104393636 0.8771929824561403
1.0 0.20418045236229318 0.41958041958041953
1.0 0.12043076451236431 0.5439005439005438
1.0 0.5042244256130645 0.21978021978021983
1.0 0.026862188552541712 0.1061007957559682
1.0 0.4176578196988593 0.1923076923076923
1.0 0.6108666357054798 0.7239819004524887
1.0 0.6728656436636044 0.5128205128205129
1.0 0.5607758629141493 0.11312217194570129
1.0 0.41610288740057155 0.6153846153846154
1.0 0.6627031592946347 0.2461538461538462
1.0 0.4305139419709709 0.631163708086785
1.0 0.6523739399586209 0.97165991902834
1.0 0.3281421283240933 0.18761726078799248
1.0 0.4282976627665658 0.7472527472527473
1.0 0.15953692706621742 0.11396011396011395
1.0 0.09409109251379881 0.0
1.0 0.5068450861543052 0.3076923076923076
1.0 0.6213818444257079 0.6318681318681318
1.0 0.4261641304315686 0.6354515050167223
1.0 0.73145024556339 0.9615384615384615
1.0 0.7333786048109635 0.0
1.0 0.46259885345455193 0.33364226135310476
1.0 0.3925291077784894 0.28846153846153844
1.0 0.38328865050895644 0.0
1.0 0.6040136804847187 0.7468259895444361
1.0 0.5830979216943379 0.1398601398601399
1.0 0.768770577701654 0.6267806267806268
1.0 0.4052848014580879 0.23310023310023306
1.0 0.4904802874793302 0.8547008547008547
1.0 0.5005338798400201 0.5651491365777079
1.0 0.6446599212936853 0.46444121915820036
1.0 0.6056864561620766 0.5594405594405595
1.0 0.6953476504791165 0.0
1.0 1.0 0.5769230769230769
1.0 0.5933838179947195 0.0
1.0 0.6553327176719876 0.2322206095791001
1.0 0.7231941528936838 0.6508875739644971
1.0 0.5975652517872484 0.6647673314339981
1.0 0.14712561115973205 0.09925558312655094
1.0 0.6959102542333001 0.051282051282051266
1.0 0.6131108686936536 0.6153846153846154
1.0 0.48583104622786133 0.0
1.0 0.3413818079111389 0.5494505494505494
1.0 0.502435689597566 0.0
1.0 0.8702419090977208 0.1398601398601399
1.0 0.6095095367611572 0.10989010989010983
1.0 0.6588784612592209 0.6116774791473586
1.0 0.26940160334110463 0.6574621959237344
1.0 0.3860542443090192 0.3193033381712626
1.0 0.1892205071802736 0.21153846153846145
1.0 0.3933449016195842 0.5128205128205129
1.0 0.664626180177289 0.10489510489510497
1.0 0.6826741682615517 0.7159177456207159
1.0 0.6150539143763503 0.26755852842809363
1.0 0.6136055519252276 0.0
1.0 1.0 0.7692307692307692
1.0 0.7586125401785724 0.06410256410256404
1.0 0.6700122473466177 0.6349206349206349
1.0 0.49575196386869663 0.293040293040293
1.0 0.7159308762408179 0.7875457875457874
