T:1607428052.471849
~~~
T:1607428052.871846
1.0 0.09713413675261653 0.0
1.0 0.385893430514637 0.0
1.0 0.18111268997160423 0.0
1.0 0.4836909008061631 0.0
1.0 0.35348620750063114 0.8547008547008547
1.0 0.6186074462991522 0.5668016194331984
1.0 0.370982165170392 0.170940170940171
1.0 0.20318001218894094 0.923076923076923
1.0 0.08828244313289563 0.21978021978021983
1.0 0.09133244687346316 0.8547008547008547
1.0 0.24721569253650355 0.21978021978021983
1.0 0.2082450714702625 0.0
1.0 0.3051575424148212 1.0
1.0 0.7687487682397974 0.21978021978021983
1.0 0.28182991327605506 0.0
1.0 0.5855296461297972 0.08097165991902842
1.0 0.32783490568750995 0.7384615384615384
1.0 0.2685145085760719 0.3010033444816053
1.0 0.6020962634670163 0.27972027972027963
1.0 0.49226634162980504 0.1398601398601399
1.0 0.44375221129744696 0.25641025641025633
1.0 0.23866251484304737 0.673076923076923
1.0 0.09153542940986042 0.42986425339366513
1.0 0.09328911259492154 0.0
1.0 0.517140868018667 0.46153846153846156
1.0 0.28749160703596044 0.5769230769230769
1.0 0.05935469576577154 0.8586762075134168
1.0 0.4450047525634257 0.0
1.0 0.47537967896101224 0.46153846153846156
1.0 0.5450432304820837 0.0
1.0 0.06573040669658216 0.6863905325443787
1.0 0.43900759888118673 0.170940170940171
1.0 0.5681854545592813 0.0
1.0 0.29375072501184735 0.06993006993006987
1.0 0.5392001618713678 0.08316008316008316
1.0 0.08242742035600018 0.2612481857764876
1.0 0.6073074289005842 0.0
1.0 0.6462975389769458 0.0
1.0 0.5484225072133638 0.2644230769230769
1.0 0.5715122890790809 0.6153846153846154
1.0 0.1866476252731188 0.5128205128205129
1.0 0.15728085080162071 0.7692307692307692
1.0 0.34474610665960076 0.09615384615384615
1.0 0.5288849410839497 0.8144796380090498
1.0 0.4331876707212828 0.5594405594405595
1.0 0.084423621863183 0.0
1.0 0.7011974335434163 0.1923076923076923
1.0 0.3132922102385086 0.923076923076923
1.0 0.703538947637301 0.6971153846153846
1.0 0.5788131374946154 0.26373626373626363
1.0 0.20575564507411542 0.6886446886446885
1.0 0.5777526819306041 0.717948717948718
1.0 0.7981383959912591 0.5128205128205129
1.0 0.25748625844843026 0.1923076923076923
1.0 0.5309459584740346 0.8173076923076923
1.0 0.47389994136937297 0.5448717948717948
1.0 0.527912117380342 0.5769230769230769
1.0 0.8242571424952216 0.5594405594405595
1.0 0.12242323615891298 0.5522682445759368
1.0 0.29458023725044075 1.0
1.0 0.8354964728639376 0.4331590739357729
1.0 0.5466025793893461 0.5008944543828265
1.0 0.703452464321087 0.0
1.0 0.24403390569906958 0.34188034188034183
1.0 0.6157443071728459 0.0
1.0 0.5251772607215088 0.5641025641025641
1.0 0.8292733008220364 0.5594405594405595
1.0 0.6674656848219539 0.1318681318681319
1.0 0.4732399209187848 0.0
1.0 0.1711208984635967 0.0
1.0 0.05123139623229729 1.0
1.0 0.11387968938598599 0.34739454094292804
1.0 0.5151985711056092 0.7822685788787483
1.0 0.5421451979364597 0.5769230769230769
1.0 0.5452380441339807 0.7692307692307692
1.0 0.8503393664101621 0.09615384615384615
1.0 0.37459937772513013 0.0
