T:1607427834.428143
~~~
T:1607427834.971526
1.0 0.12174005501133679 1.0
1.0 0.4707759350907962 0.9401709401709402
1.0 0.5875680241733138 0.8906882591093117
1.0 0.5985965781539976 0.8846153846153845
1.0 0.08703771477943577 0.879120879120879
1.0 0.15598044277988737 0.4558404558404558
1.0 0.5659060867311168 0.0
1.0 0.6380173708944681 0.5008944543828265
1.0 0.175931246300532 0.5917159763313609
1.0 0.06096303384410156 0.170940170940171
1.0 0.2262093283498566 0.0
1.0 0.22029136928046536 0.4158004158004158
1.0 0.2003315918006294 0.0
1.0 0.36319157854300943 0.8104395604395604
1.0 0.5187855508377137 0.3846153846153846
1.0 0.3490375375262949 0.5917159763313609
1.0 0.4431777186200473 0.380479735318445
1.0 0.44852415505231924 0.0
1.0 0.37554524693032065 0.8
1.0 0.838005856475037 0.04273504273504275
1.0 0.22760925502789806 0.2366863905325444
1.0 0.7958596364941559 0.8269230769230769
1.0 0.8057593080436065 0.0
1.0 0.7090397044018701 0.5982905982905982
1.0 0.2413000240514231 0.3846153846153846
1.0 0.43833659080806897 0.7221350078492935
1.0 0.06926681789585189 0.21978021978021983
1.0 0.4948983674084562 0.6593406593406593
1.0 0.3416974645073737 0.6593406593406593
1.0 0.5766059169533969 0.8205128205128205
1.0 0.4111331737632351 0.6477732793522266
1.0 0.7566357766506091 0.4307692307692308
1.0 0.6470278635803985 0.21978021978021983
1.0 0.6189538258788425 0.22624434389140274
1.0 0.7683152851139906 0.0
1.0 0.12689515628606668 0.7364975450081832
1.0 0.6612243284543876 0.0904977375565611
1.0 0.80074685651997 0.0
1.0 0.39009628244426303 1.0
1.0 0.27270358675126255 0.12820512820512825
1.0 0.5936338150371822 0.4558404558404558
1.0 0.6369532448278129 0.7692307692307692
1.0 0.6140932193397248 0.9401709401709402
1.0 0.7600101643392683 0.5724508050089445
1.0 0.63644747505579 0.6688963210702341
1.0 0.7226731684694175 0.04214963119072708
1.0 0.6836576377691104 0.7384615384615384
1.0 1.0 0.0
1.0 0.35007618606857627 0.717948717948718
1.0 0.21508463120547963 0.6636500754147813
1.0 0.8118507506689763 0.8284023668639052
1.0 0.623923831480891 0.3619909502262444
1.0 0.7285542033951815 0.0
1.0 0.7167694360102356 0.43628013777267516
1.0 0.3987779246988009 0.9049773755656109
1.0 0.5404824162625139 0.0
1.0 0.35528904397880734 0.6390532544378698
1.0 0.45419088689233755 0.15009380863039395
1.0 0.8100570593157729 0.0
1.0 0.5087859794595647 0.2626641651031896
1.0 0.613777585696124 0.4395604395604395
1.0 0.18705336115799864 0.8906882591093117
1.0 0.2284683928514924 0.09324009324009315
1.0 0.7331718878005224 0.4651162790697674
1.0 0.7145967610885989 0.44665012406947885
1.0 0.7997311251251138 0.1538461538461538
1.0 0.5271106981509809 0.8097165991902835
1.0 0.674879030382376 0.4307692307692308
1.0 0.6588765762286541 0.0
1.0 0.35960939421984944 0.7692307692307692
1.0 0.5287599049939014 0.6043956043956045
1.0 0.6876109826582932 0.5253283302063789
1.0 0.7233674215194981 0.6267806267806268
1.0 0.6417949267797072 0.0
1.0 0.05186693834832057 0.0
1.0 0.450001509131796 1.0
1.0 0.5190625929788898 0.5128205128205129
