T:1605620868.52
~~~
T:1605620869.13
1.0 0.441511259406 0.737618545838
1.0 0.392133245606 0.0496277915633
1.0 0.733710704953 0.666666666667
1.0 0.356723128466 0.0615384615385
1.0 0.436585830284 0.159151193634
1.0 0.614133738966 0.244755244755
1.0 0.078743649654 0.467032967033
1.0 0.48390905973 0.893300248139
1.0 0.612388152196 0.807311500381
1.0 0.571859663412 0.408653846154
1.0 0.446970673521 0.526315789474
1.0 0.726960900139 0.769230769231
1.0 0.640511113952 0.107334525939
1.0 0.60082846768 0.759240759241
1.0 0.624501602804 0.291777188329
1.0 0.402453395455 0.681818181818
1.0 0.674456061481 0.629370629371
1.0 0.466518934978 0.72157930565
1.0 0.544712892108 0.0
1.0 0.607797913504 0.650406504065
1.0 0.482810615337 0.42735042735
1.0 0.643263404821 0.625814863103
1.0 0.343123625748 0.710059171598
1.0 0.452089866625 0.080971659919
1.0 0.12500176939 0.0
1.0 0.728144666029 0.283400809717
1.0 0.333772602006 0.723981900452
1.0 0.63622052653 0.17094017094
1.0 0.447072415865 0.192307692308
1.0 0.738314738257 0.0
1.0 0.334964738691 0.0
1.0 0.566171010367 0.0313971742543
1.0 0.585117481711 0.659340659341
1.0 0.74508448772 0.644490644491
1.0 0.668009401537 0.0
1.0 0.424687556097 0.879120879121
1.0 0.925411173399 0.0
1.0 0.679901771101 0.524475524476
1.0 0.779799577263 0.884173297966
1.0 0.786560626596 0.29106029106
1.0 0.50889724998 0.591715976331
1.0 0.764696491183 0.726015557476
1.0 0.605971552171 0.0
1.0 0.028093546686 0.0
1.0 0.733057055682 0.547008547009
1.0 0.302870948241 0.769230769231
1.0 0.832434007446 0.46511627907
1.0 0.651425451652 0.549450549451
1.0 0.670428141543 0.940170940171
1.0 0.520831781559 0.0
1.0 0.609224634523 0.0615384615385
1.0 0.647536358858 0.471794871795
1.0 0.135404167271 0.683760683761
1.0 0.50759234608 0.0
1.0 0.626957304465 0.315581854043
1.0 0.680538156761 0.128205128205
1.0 0.231025120413 0.0
1.0 0.847624359089 0.854700854701
1.0 0.651023660959 0.852390852391
1.0 0.485720081638 0.871177015755
1.0 0.787477258505 0.192307692308
1.0 0.402537418086 0.591715976331
1.0 0.794558993323 0.0
1.0 0.535841946227 0.10989010989
1.0 0.795835411923 0.744416873449
1.0 0.616988199711 0.384615384615
1.0 0.649479763563 0.564102564103
1.0 1.0 0.512820512821
1.0 0.753021350781 0.0
1.0 0.505000715884 0.118343195266
1.0 0.757576933828 0.21978021978
1.0 0.774531935584 0.295857988166
1.0 0.844815247182 0.0699300699301
1.0 0.478894078465 0.17094017094
1.0 0.900159972247 0.0
1.0 0.547841256893 0.693815987934
1.0 0.604341347938 0.21978021978
