T:1607578717.285892
~~~
T:1607578717.74299
1.0 0.0 0.0
1.0 0.8018615116825966 0.1809954751131222
1.0 0.40496062832879814 0.5835543766578248
1.0 0.42361243848010055 0.6334841628959276
1.0 0.2188852820071008 0.3846153846153846
1.0 0.7259932135365171 0.7967032967032965
1.0 0.7159541114481437 0.03496503496503493
1.0 0.47619016148226406 0.3076923076923076
1.0 0.5636606777848213 0.0
1.0 0.8181277751641538 0.5698005698005697
1.0 0.7481643081473525 0.0
1.0 0.4694472011313232 0.0
1.0 0.48627807291141995 0.5128205128205129
1.0 0.2590122326226095 0.923076923076923
1.0 0.24905309518434174 0.7211538461538461
1.0 0.3441868664080989 0.054945054945054916
1.0 0.45097692396124683 0.7692307692307692
1.0 0.33227403291165264 0.0
1.0 0.7703555475859362 0.7692307692307692
1.0 1.0 0.0
1.0 0.6318844960062848 0.6676342525399129
1.0 0.8530579924480307 0.46153846153846156
1.0 0.6010057718233758 0.3263403263403264
1.0 0.5809088444436907 0.6193806193806194
1.0 0.7568706485311023 0.1923076923076923
1.0 0.7655684682292643 0.7905982905982905
1.0 0.23887967522820616 0.4395604395604395
1.0 0.6633073306934796 0.0
1.0 0.6497726946543221 0.4178537511870845
1.0 0.8439826027447528 0.7692307692307692
1.0 0.6388550355409667 0.762041696621136
1.0 0.2811380251580133 0.5594405594405595
1.0 0.5243198330672437 0.2692307692307693
1.0 0.7080220468597631 0.7061790668348045
1.0 0.33916289611616857 0.0
1.0 0.6769339041782263 0.1398601398601399
1.0 0.22664858269620045 0.9615384615384615
1.0 0.22694677791646103 0.3076923076923076
1.0 0.6495464481482632 0.6095791001451379
1.0 0.679296671712778 0.5128205128205129
1.0 0.2956485173691516 0.41958041958041953
1.0 0.5452365165251263 0.7100591715976331
1.0 0.20047303911745237 0.37135278514588865
1.0 0.1179350998220276 0.0
1.0 0.49392618192532745 0.7334525939177101
1.0 0.1855568095290591 0.0
1.0 0.78030717026219 0.42735042735042733
1.0 0.25445611433372034 0.0
1.0 0.5718891156389986 0.8568646543330088
1.0 0.32691004574675775 0.6153846153846154
1.0 0.1619113157339891 0.32051282051282054
1.0 0.2795776305206006 0.7849293563579278
1.0 0.314406370627902 0.0
1.0 0.23966362551690903 0.7594936708860759
1.0 0.38532233178545594 0.1538461538461538
1.0 0.18023669209763854 0.08316008316008316
1.0 0.3327006024913588 0.6593406593406593
1.0 0.14316340055903337 0.5128205128205129
1.0 0.3734883289302625 0.5982905982905982
1.0 0.5131740233960309 0.46153846153846156
1.0 0.3914223476879494 0.0
1.0 0.3793986345492457 0.4733727810650888
1.0 0.3473028585641504 0.673076923076923
1.0 0.2519447385170434 0.20979020979020976
1.0 0.6150225904798707 0.0
1.0 0.10184970818021992 0.0
1.0 0.530268455705866 0.6888633754305395
1.0 0.7383392601140902 0.7692307692307692
1.0 0.08457513052354633 0.41958041958041953
1.0 0.3015785715242893 0.5305039787798409
1.0 0.2666277499679672 0.1923076923076923
1.0 0.1325021870853395 0.8241758241758241
1.0 0.23612578798484538 0.4895104895104896
1.0 0.47699603206314994 0.6334841628959276
1.0 0.32705393430504925 0.5128205128205129
1.0 0.05719970173839866 0.6072874493927125
1.0 0.30973475294944924 0.5891980360065466
1.0 0.1992398177668458 0.5128205128205129
1.0 0.05899750116143156 0.3846153846153846
