T:1605620834.72
~~~
T:1605620835.16
1.0 0.451228401435 0.828402366864
1.0 0.336737684951 0.0
1.0 0.225059860486 0.307692307692
1.0 0.704060335641 0.833333333333
1.0 0.45453987596 0.732600732601
1.0 0.200192024716 0.659340659341
1.0 0.926981704462 0.904977375566
1.0 0.660931568574 0.0
1.0 0.390903511406 0.629370629371
1.0 0.542297514203 1.0
1.0 0.658499667736 0.361990950226
1.0 0.501181711798 0.20979020979
1.0 0.816424136667 0.814479638009
1.0 0.840486363558 0.615384615385
1.0 0.179347484152 0.452488687783
1.0 0.523373988712 0.552268244576
1.0 0.472205572703 0.699300699301
1.0 0.594484427865 0.355029585799
1.0 0.195039462 0.480769230769
1.0 0.39198659385 0.41958041958
1.0 0.644693677953 0.728744939271
1.0 0.539563576009 0.512820512821
1.0 0.59816456343 0.615384615385
1.0 0.270595045933 0.710059171598
1.0 0.063375143041 0.0
1.0 0.421615906954 0.0
1.0 0.677279335739 0.66889632107
1.0 0.845770815617 0.641025641026
1.0 0.569816811086 0.0
1.0 0.671529274548 0.47619047619
1.0 0.477039851797 0.153846153846
1.0 0.694941692989 1.0
1.0 0.552423644949 0.890688259109
1.0 0.334978499853 0.43956043956
1.0 0.494820885036 0.0923076923077
1.0 0.123480188081 0.0
1.0 0.275216634283 0.0
1.0 0.0575382312971 0.904977375566
1.0 0.361049050184 1.0
1.0 0.268734347759 0.904977375566
1.0 0.520740029965 0.728744939271
1.0 0.624515056914 0.865384615385
1.0 0.227941586273 0.496277915633
1.0 0.373489505953 0.461538461538
1.0 0.429039872268 0.854700854701
1.0 0.614298657195 0.717948717949
1.0 0.503819946866 0.0
1.0 0.63747267878 0.824175824176
1.0 0.249830243341 0.14245014245
1.0 0.341828828252 0.769230769231
1.0 0.715412853974 0.769230769231
1.0 0.651822484055 0.384615384615
1.0 0.748903536735 0.0
1.0 0.511468893813 0.384615384615
1.0 0.274397325158 0.0732600732601
1.0 0.0619249489067 0.480769230769
1.0 0.743054785165 0.3663003663
1.0 0.286956183591 0.0
1.0 0.0746685092682 0.828402366864
1.0 0.474381225641 0.461538461538
1.0 0.677953357216 0.0
1.0 0.840458097889 0.246153846154
1.0 0.581996734064 0.355029585799
1.0 0.61684750178 0.699300699301
1.0 0.74441290298 0.750469043152
1.0 0.385474474218 0.0
1.0 0.772003147907 0.25641025641
1.0 0.203860470167 0.769230769231
1.0 0.617223660627 0.452488687783
1.0 0.694423306865 0.37296037296
1.0 0.0475135971544 0.989010989011
1.0 0.585921881387 0.512820512821
1.0 0.573202202448 0.559440559441
1.0 0.697018417973 0.512820512821
1.0 0.451257727781 0.540540540541
1.0 0.581937267544 0.102564102564
1.0 0.981489461465 0.0
