T:1605620892.21
~~~
T:1605620893.3
1.0 0.600261714239 0.288461538462
1.0 0.624734772645 0.0
1.0 0.501999766778 0.639053254438
1.0 0.379951202344 0.735785953177
1.0 0.3296302381 0.625
1.0 0.736767230551 0.769230769231
1.0 0.211699357491 0.936454849498
1.0 0.628961780754 0.384615384615
1.0 0.334250391709 0.0
1.0 0.278641997908 0.153846153846
1.0 0.424242048244 0.0
1.0 0.828910366365 0.0
1.0 0.574038828305 0.559440559441
1.0 0.661963913223 0.576923076923
1.0 0.107746040557 0.0
1.0 0.493316922706 0.769230769231
1.0 0.56396276107 0.0
1.0 0.271413962291 0.594405594406
1.0 0.568667894877 0.0
1.0 0.9241343999 0.839160839161
1.0 0.53026091333 0.161943319838
1.0 0.439660267125 0.769230769231
1.0 0.29222955252 0.802675585284
1.0 0.630430164289 0.295857988166
1.0 0.0251162491234 0.0
1.0 0.753483478571 0.43956043956
1.0 0.829063976952 0.828402366864
1.0 0.185526251512 0.0
1.0 0.541759888124 0.205128205128
1.0 0.0821036201702 0.384615384615
1.0 0.338603960058 0.63051702396
1.0 0.636101443722 0.392156862745
1.0 0.101491331244 0.923076923077
1.0 0.190760021961 0.0
1.0 0.526003408954 0.27972027972
1.0 0.31458626615 0.410256410256
0.970188533329 0.93612597807 0.0
1.0 0.302394644419 0.153846153846
1.0 0.592552754109 0.0
1.0 0.26981034393 0.25641025641
1.0 0.789185408609 0.43956043956
1.0 0.195875035938 0.605296343001
1.0 0.103806555614 0.0
1.0 0.114511360188 0.961538461538
1.0 0.728760400789 0.468227424749
1.0 0.162226622464 0.843672456576
1.0 0.410731752883 0.0
1.0 0.1921588062 1.0
1.0 0.561715432952 0.0
1.0 0.242344512804 0.35964035964
1.0 0.270287752847 0.0
1.0 0.699576988363 0.3663003663
1.0 0.111222236432 0.0
1.0 0.509585112279 0.66763425254
1.0 0.707451135055 0.732600732601
1.0 0.21383310817 0.214669051878
1.0 0.428608674289 0.468227424749
1.0 0.678638590918 0.618921308576
1.0 0.184562110732 0.769230769231
1.0 0.325634324469 0.591715976331
1.0 0.70476056936 0.10989010989
1.0 0.626286419067 0.0
1.0 0.565843763362 0.512820512821
1.0 0.562232351013 0.333333333333
1.0 0.378772061327 0.805860805861
1.0 0.435880561863 0.0
1.0 0.440522424753 0.56856187291
1.0 0.273090765921 0.0
1.0 0.210675165456 0.200668896321
1.0 0.359890921083 0.512820512821
1.0 0.638405413995 0.0699300699301
1.0 0.287506015662 0.683760683761
1.0 0.391243052375 0.3663003663
1.0 0.742345819842 0.549450549451
1.0 0.674694602697 0.229132569558
1.0 0.212362319363 0.0
1.0 0.342300339448 0.683760683761
