T:1607236267.31456
~~~
T:1607236267.911562
1.0 0.036844566213418535 0.21116138763197578
1.0 0.24281242209744958 0.25641025641025633
1.0 0.20003100726085293 0.4218362282878411
1.0 0.17702885834551518 0.4733727810650888
1.0 0.26199045828739237 0.10256410256410253
1.0 0.3713817793996101 0.7800650054171181
1.0 0.49455646071409354 0.8205128205128205
1.0 0.2633650430034922 0.4255319148936169
1.0 0.6145685865205055 0.0
1.0 0.5245592102466897 0.713489409141583
1.0 0.5133434695781236 1.0
1.0 0.15367295439984355 0.5073649754500817
1.0 0.18246658858785864 1.0
1.0 0.6073646487282458 0.6429391504018369
1.0 0.44590700251739934 0.09615384615384615
1.0 0.4502924803189744 0.5128205128205129
1.0 0.2602185304093392 0.17482517482517484
1.0 0.4111369232959296 0.0
1.0 0.5098951245824949 0.8653846153846153
1.0 0.3866303790166592 0.5594405594405595
1.0 0.5529199155922447 1.0
1.0 0.3500250603473289 0.6593406593406593
1.0 0.6538410649151108 0.0
1.0 0.2609473486156753 0.8026755852842808
1.0 0.35252803310304687 0.11188811188811192
1.0 0.21015124994686735 0.08097165991902842
1.0 0.720303245002564 0.2511773940345368
1.0 0.2907478158767493 0.40293040293040283
1.0 0.4872463465017897 0.3263403263403264
1.0 0.904839690923235 0.0
1.0 0.2265098938463176 0.4307692307692308
1.0 0.6269709449574379 0.4347826086956522
1.0 0.3186245594018419 0.0
1.0 0.3230311662335544 0.5026656511805025
1.0 0.5408060758123389 0.46153846153846156
1.0 0.09833065151435308 0.7547169811320754
1.0 0.20267115580919476 0.625
1.0 0.648844846760634 0.14888337468982635
1.0 0.0953475441883424 0.4395604395604395
1.0 0.24837293070424007 0.0
1.0 0.41107759343380956 0.7264957264957265
1.0 0.7628228972697225 0.5128205128205129
1.0 0.3868548580653485 0.5515239477503628
1.0 0.39831393821096955 0.41958041958041953
1.0 0.4313070065300906 0.7970342910101946
1.0 0.2783982557204699 0.0683760683760683
1.0 0.39013184847738036 0.21978021978021983
1.0 0.5590633715366476 0.7167832167832168
1.0 0.6115012341202636 0.0
1.0 0.2726232390478221 0.0
1.0 0.4752563536621606 0.5263157894736841
1.0 0.6689786652311741 0.9049773755656109
1.0 0.49536485031437183 0.0
1.0 0.5619408419586625 0.0
1.0 0.22601071738811399 0.1972386587771203
1.0 1.0 0.0
1.0 0.29122897034288026 0.3846153846153846
1.0 0.6131569610207201 0.0
1.0 0.4771919241671316 0.923076923076923
1.0 0.6988108864765339 0.0
1.0 0.6340999119652622 0.6286186931348221
1.0 0.18822267395385078 0.18761726078799248
1.0 0.7014477769704495 0.7100591715976331
1.0 0.6733113821373454 0.21978021978021983
1.0 0.5683289847215073 0.16632016632016633
1.0 0.7094568533809822 0.1883830455259027
1.0 0.16718166520292074 0.1183431952662721
1.0 0.09109128968212017 0.4895104895104896
1.0 0.6670547231607378 0.7192807192807193
1.0 0.3096950610161295 0.09324009324009315
1.0 0.6774826911745361 0.5835543766578248
1.0 0.26048762947024773 0.97165991902834
1.0 0.8872879368075809 0.5494505494505494
1.0 0.6426147463025684 0.6868131868131867
1.0 0.9235417321322317 0.0
1.0 0.22351241513289632 0.673076923076923
1.0 0.686632684355709 0.3238866396761133
