T:1607233088.9371688
~~~
T:1607233089.345953
1.0 0.48410626849958976 0.28846153846153844
1.0 0.5881213473772106 0.7586933614330874
1.0 0.4844891226022931 0.0
1.0 0.7283684615566779 0.45028142589118203
1.0 0.6294303714377214 0.8461538461538461
1.0 0.8119226377412168 0.4807692307692307
1.0 0.5123718287908392 0.0
1.0 0.2316374085289671 0.0
1.0 0.4865809065581216 0.41958041958041953
1.0 0.6320228040282478 0.32200357781753136
1.0 0.1785061954265705 0.0
1.0 0.4136088710578193 0.33264033264033266
1.0 0.4094572454873413 0.5351170568561873
1.0 0.45345427688536005 0.6293706293706293
1.0 0.7302699907766111 0.5128205128205129
1.0 0.5101765961137446 0.757396449704142
1.0 0.7405767496646657 0.5128205128205129
1.0 0.2852998679166961 0.0
1.0 0.11394262301505802 0.5917159763313609
1.0 0.38770840484948943 0.0
1.0 0.19311684080003882 0.0
1.0 0.23691452902709356 1.0
1.0 0.5118384725315095 0.046620046620046575
1.0 0.5433135962864466 0.547588005215124
1.0 0.6244560952916253 0.8241758241758241
1.0 0.14044482340887668 0.0
1.0 0.7836982911038518 0.0
1.0 0.5903663830420658 0.6366047745358091
1.0 0.7009895566833567 0.3496503496503497
1.0 0.8131520793094433 0.5128205128205129
1.0 0.3416613386287374 0.12145748987854255
1.0 0.5483846780203729 0.0
1.0 0.6766000434530381 0.4807692307692307
1.0 0.3794871478079065 0.0
1.0 0.43388736023112473 0.5128205128205129
1.0 0.6150491780270939 0.08097165991902842
1.0 0.47474737161511965 0.7051282051282052
1.0 0.26441074794069735 0.2243589743589744
1.0 0.47696716663823296 0.3076923076923076
1.0 0.3783541677568306 0.673076923076923
1.0 0.21880752568011397 0.21978021978021983
1.0 0.4081598277859114 0.21978021978021983
1.0 0.5711730516860899 0.3076923076923076
1.0 0.5823528274495545 0.8205128205128205
1.0 0.7871659608469305 0.0904977375565611
1.0 0.2618644947441576 0.0
1.0 0.6522696113215478 0.0
1.0 0.5879903675321106 0.0
1.0 0.4296591871533863 0.5429864253393665
1.0 0.4846746048174168 0.8653846153846153
1.0 0.681628392804574 0.9615384615384615
1.0 0.5771076508248411 0.5917159763313609
1.0 0.058269071822678285 0.0
1.0 0.8240446299162728 0.8894230769230769
1.0 0.45423537311955114 0.0
1.0 0.11884992835197966 0.8026755852842808
1.0 0.5384386734892705 0.0
1.0 0.7591927886923738 0.5982905982905982
1.0 0.5830341697999085 0.9364548494983278
1.0 0.4476423716744633 0.673076923076923
1.0 0.6400212899860904 0.6923076923076922
1.0 0.3156682109771685 0.25641025641025633
1.0 0.5544141935973703 0.6636500754147813
1.0 0.5436118492869487 0.7400194741966893
1.0 0.5803621526989983 0.7521367521367521
1.0 0.4352364898914923 0.7692307692307692
1.0 0.49897118817348013 0.7043558850787767
1.0 0.03003646961447377 0.170940170940171
1.0 0.5315971879400145 0.06688963210702337
1.0 0.5656051672446951 0.3076923076923076
1.0 0.2358165410190857 0.09615384615384615
1.0 0.5175972452684774 0.05917159763313605
1.0 0.6707110183382994 0.0
1.0 0.22678483962393076 0.7100591715976331
1.0 0.7661214008473436 0.27613412228796846
1.0 0.5365350816061759 0.0
1.0 0.6349171119462186 0.48582995951417
