T:1607427108.403221
~~~
T:1607427109.0121448
1.0 0.5216599981215044 0.5997392438070404
1.0 0.7570747002041573 0.20979020979020976
1.0 0.5395368765412797 0.10256410256410253
1.0 0.37968613987037947 0.5835543766578248
1.0 0.18148505517467195 0.0
1.0 0.7451120795634383 0.334448160535117
1.0 0.7487024621058649 0.34536891679748827
1.0 0.616759085244348 0.41958041958041953
1.0 0.521204449548311 0.032051282051282104
1.0 0.7361233955135218 0.14888337468982635
1.0 0.6151070964665486 0.0
1.0 0.19132866070462973 0.42735042735042733
1.0 0.15084746010980024 0.7068607068607068
1.0 0.5424635842891884 0.5366726296958855
1.0 0.6860120330854858 0.4230769230769231
1.0 0.30913086926388883 0.1337792642140469
1.0 0.7015978990436383 0.6911928651059086
1.0 0.6427121602813967 0.09615384615384615
1.0 0.05378170226126586 0.0
1.0 0.13092516734814533 0.49346879535558785
1.0 0.15572361271130583 0.37362637362637363
1.0 0.8716336744091291 0.04807692307692307
1.0 0.3790095497002588 0.0
1.0 0.597057896504481 0.9331651954602774
1.0 0.23546509148269676 0.0
1.0 0.5843551329029647 1.0
1.0 0.3101552571018989 0.0
1.0 0.629362782246486 0.0
1.0 0.4518600469695538 0.6863905325443787
1.0 0.21153304195004927 0.2626641651031896
1.0 0.5392504249148944 0.4923076923076922
1.0 0.49466580890667927 0.1923076923076923
1.0 0.607373891292433 0.5641025641025641
1.0 0.6229319476364661 0.3703703703703703
1.0 0.33996946977030484 0.6815968841285297
1.0 0.45422807851139235 0.7211538461538461
1.0 0.7142706362277587 0.1923076923076923
1.0 0.8063313324140451 0.11396011396011395
1.0 0.7639613621366964 0.4487179487179486
1.0 0.2646504403168786 0.35366931918656064
1.0 0.554978683533879 0.6993006993006994
1.0 0.485327888059427 0.0
1.0 0.4361537480503676 0.49773755656108587
1.0 0.6208724615428188 0.1809954751131222
1.0 0.6380889052104157 0.5714285714285714
1.0 0.41829234660420644 0.21978021978021983
1.0 0.21945487711042275 0.5008944543828265
1.0 0.483020386678935 0.5394605394605394
1.0 0.019249456215587126 0.0
1.0 0.6244397410610865 0.0
1.0 0.19647205781275323 0.46153846153846156
1.0 0.4598024117397826 0.43269230769230765
1.0 0.16703934952341587 0.17889087656529515
1.0 0.6382209989020882 0.7692307692307692
1.0 0.18212289457209574 0.7547169811320754
1.0 0.7955416632464343 0.5258033106134372
1.0 0.5171931644415442 0.4733727810650888
1.0 0.3224086220120708 0.6993006993006994
1.0 0.46183074725111534 0.39035591274397236
1.0 0.28461708757490073 0.0
1.0 0.17199435221538187 0.7211538461538461
1.0 0.3921709331670501 0.2991452991452991
1.0 0.38801955487844236 0.3193033381712626
1.0 0.22704185289125736 0.3846153846153846
1.0 0.640740527203584 0.7940446650124069
1.0 0.5577785450160273 0.25044722719141316
1.0 0.13784906268105912 0.6433566433566433
1.0 0.5074771126017574 0.15132408575031525
1.0 0.6587628049073686 0.4714640198511165
1.0 0.29460612524237867 0.6593406593406593
1.0 0.39396083019076267 0.5846153846153846
1.0 0.8511621869307064 0.3846153846153846
1.0 0.37768024483141033 0.3076923076923076
1.0 0.46681739728812305 0.7326007326007326
1.0 0.25796176378107877 0.4558404558404558
1.0 0.7545502054521749 0.0
1.0 0.8095403262987858 0.6153846153846154
