T:1607427992.6170309
~~~
T:1607427993.17654
1.0 0.05901211872231345 0.293040293040293
1.0 0.20459421782407577 0.0
1.0 0.579401879826968 0.21978021978021983
1.0 0.441377752980012 0.5680473372781065
1.0 0.18094778002022083 0.9523809523809523
1.0 0.288810053128946 0.9049773755656109
1.0 0.12058580779123172 0.1465201465201465
1.0 0.532013075296531 0.7459207459207459
1.0 0.15423180055513655 0.6793206793206793
1.0 0.07770827377124884 0.1923076923076923
1.0 0.0504626488779306 0.0
1.0 0.2959033828327741 0.1431127012522362
1.0 0.25743405019397286 0.7874015748031495
1.0 0.21950183385262637 0.37606837606837606
1.0 0.4474902900283692 0.6593406593406593
1.0 0.08015708308560181 0.0
1.0 0.247632640083681 0.5668016194331984
1.0 0.5370062573962145 0.8026755852842808
1.0 0.4950138086221561 0.9954751131221717
1.0 0.20013545680382494 0.5128205128205129
1.0 0.48531726972836337 0.6769230769230768
1.0 0.08191243034846561 0.8284023668639052
1.0 0.055624344258245716 0.4595404595404595
1.0 0.1772487489940132 0.12820512820512825
1.0 0.15091146903781374 0.1809954751131222
1.0 0.4635490399740837 1.0
1.0 0.1513473824327465 0.3238866396761133
1.0 0.6435236332512515 0.1923076923076923
1.0 0.4389484321663627 1.0
1.0 0.3090035320611367 0.39627039627039623
1.0 0.4389139549639533 0.0
1.0 0.20539334864560327 0.3988603988603989
1.0 0.3754357640452106 0.0
1.0 0.4062289428390101 0.6993006993006994
1.0 0.42380221454310324 0.4102564102564103
1.0 0.3719225595103247 0.96
1.0 0.6936980333626414 0.8410256410256409
1.0 0.6681433347836048 0.3550295857988165
1.0 0.5335835571894905 0.4487179487179486
1.0 0.7565461337648791 0.0
1.0 0.17919041842834488 0.5982905982905982
1.0 0.12323197995779317 0.0
1.0 0.268551609141369 0.5891980360065466
1.0 0.4313479152597187 0.86848635235732
1.0 0.37807062662143176 0.0
1.0 0.6272344864820651 0.5917159763313609
1.0 0.39030362079492925 0.0
1.0 0.4129188386586837 0.48433048433048426
1.0 0.12057226692571572 0.09615384615384615
1.0 0.24546736380795378 0.11396011396011395
1.0 0.7236684196851227 0.5429864253393665
1.0 0.21110522404567536 0.48433048433048426
1.0 0.2915360335164636 0.6564102564102563
1.0 0.15598035533399304 0.25641025641025633
1.0 0.2878688785472913 0.0
1.0 0.4786754231152624 0.9364548494983278
1.0 0.7697105150018071 0.717948717948718
1.0 0.5112693467617482 0.25289778714436245
1.0 0.4905711204519224 0.44378698224852065
1.0 0.4507077737386646 0.21978021978021983
1.0 0.23504080279941633 0.20979020979020976
1.0 0.19327374339229472 0.611439842209073
1.0 0.18847151553136418 1.0
1.0 0.5102284724081559 0.0
1.0 0.5532617694049432 0.44534412955465585
1.0 0.3505759869435881 0.1337792642140469
1.0 0.34180038413263464 0.4962779156327544
1.0 0.3931286778050106 0.9615384615384615
1.0 0.757825215300833 0.979020979020979
1.0 1.0 0.0
1.0 0.7634249230141815 0.9615384615384615
1.0 0.6309924266765776 0.49543676662320735
1.0 0.6056085297097943 0.06688963210702337
1.0 0.46893677188447885 0.5510907003444317
1.0 0.3968710483254502 0.1923076923076923
1.0 0.5751643285010024 0.0
1.0 0.9005130268346713 0.0
