T:1607232910.792384
~~~
T:1607232911.621203
1.0 0.03848756048036425 0.757020757020757
1.0 0.2480974386255933 0.05698005698005706
1.0 0.5469618190320136 0.5417118093174431
1.0 0.24603698617065653 0.5034965034965034
1.0 0.37026959554614103 0.5594405594405595
1.0 0.48566213845326306 0.6366047745358091
1.0 0.032152299069669876 0.6258148631029987
1.0 0.19135980233198593 0.0
1.0 0.167027453189493 0.6923076923076922
1.0 0.15111426934633077 0.5570291777188328
1.0 0.5539002613108955 0.2699055330634278
1.0 0.4029706726514899 0.0
1.0 0.2939179987271047 0.7912087912087911
1.0 0.13591552202826582 0.46153846153846156
1.0 0.17362312543445416 0.8421052631578946
1.0 0.1622043820741391 0.6923076923076922
1.0 0.4030793804673887 0.2366863905325444
1.0 0.056837358531697094 0.8653846153846153
1.0 0.6008701290965002 0.6769230769230768
1.0 0.1525183013614419 0.8114961961115807
1.0 0.835270528101466 0.0
1.0 0.05703488692284225 0.8831908831908831
1.0 0.14080366767414962 0.2511773940345368
1.0 0.2944821214704912 0.0
1.0 0.3055386971370244 0.9384615384615385
1.0 0.31738885738520606 0.923076923076923
1.0 0.599915568840422 0.6969099276791584
1.0 0.09895977932980884 0.9184845005740527
1.0 0.6104789033069238 0.49586776859504134
1.0 0.07718896800773756 0.0
1.0 0.23773619090885761 0.887040887040887
1.0 0.22150741432346713 0.673076923076923
1.0 0.4755651929792618 0.4807692307692307
1.0 0.6928450276638911 0.7495069033530573
1.0 0.2231502221256711 0.8262108262108261
1.0 0.0570994542581671 0.4733727810650888
1.0 0.49632286476950316 0.9544159544159544
1.0 0.2689295186814803 0.5724508050089445
1.0 0.6889399392286154 0.34188034188034183
1.0 0.8761144574152583 0.0
1.0 0.14277915509449268 0.0
1.0 0.6425500433490829 0.23411371237458195
1.0 0.6892897607644033 0.923076923076923
1.0 0.09802831835744438 0.0
1.0 0.21507918723415273 0.34188034188034183
1.0 0.49992497308783607 0.21978021978021983
1.0 0.3646986564334758 0.4651162790697674
1.0 0.34535503062442197 0.0
1.0 0.1248687920302849 0.8205128205128205
1.0 0.45826434811686567 0.0
1.0 0.47102661761451314 0.4127579737335835
1.0 0.5699597992954059 0.23076923076923078
1.0 0.13094977456591764 0.12820512820512825
1.0 0.25347208033272145 0.43438914027149317
1.0 0.6036392065373885 0.0
1.0 0.6597139818560158 0.4347826086956522
1.0 0.16175555667099925 0.1538461538461538
1.0 0.13279086625225067 0.12820512820512825
1.0 0.06503417980890096 0.6706114398422091
1.0 0.6528541239707967 0.728744939271255
1.0 0.2664112214649152 0.9324009324009324
1.0 0.5038712241309168 0.2429149797570851
1.0 0.5536501165275173 0.0
1.0 0.5430674485579973 0.34188034188034183
1.0 0.27689312562190493 0.0
1.0 0.6396417395283637 0.7509157509157509
1.0 0.4720334010364174 0.7427055702917771
1.0 0.7843433217640222 0.7264957264957265
1.0 0.05575783432583153 0.05698005698005706
1.0 0.4157265926379856 0.5429864253393665
1.0 0.6047863978198689 0.0
1.0 0.4316019770088069 0.3619909502262444
1.0 0.6683327601554899 0.3577817531305903
1.0 0.3670240054316287 0.34188034188034183
1.0 0.2511843823087447 0.689655172413793
1.0 0.22964416108137725 0.2243589743589744
1.0 0.23684930915829588 0.16483516483516475
