T:1607427600.182414
~~~
T:1607427601.895061
1.0 0.28882093711770435 0.7392607392607393
1.0 0.5424178303865879 0.641025641025641
1.0 0.8574101090421925 0.0
1.0 0.43971086443561025 0.16483516483516475
1.0 0.40897721055386504 0.6593406593406593
1.0 0.10585576012108855 0.9615384615384615
1.0 0.6283679462961015 0.25641025641025633
1.0 0.6166356435559062 0.4395604395604395
1.0 0.3798210310620284 0.26525198938992045
1.0 0.6062851642959984 0.46153846153846156
1.0 0.344297008416096 0.7100591715976331
1.0 0.550554336933153 0.5429864253393665
1.0 0.35726427185701676 0.0
1.0 0.4924517444037391 0.7239819004524887
1.0 0.43250482237622945 0.4945054945054944
1.0 0.11475262296265641 0.0
1.0 0.5130498237471699 0.46153846153846156
1.0 0.10749584441544249 0.8407871198568874
1.0 0.4760957407815785 0.06153846153846159
1.0 0.5531604810525304 0.2153846153846154
1.0 0.35871776159889396 0.3076923076923076
1.0 0.81034808740233 0.7142857142857143
1.0 0.18668149575843668 0.5128205128205129
1.0 0.8105723361752473 0.3377110694183864
1.0 0.45895883393609443 0.1923076923076923
1.0 0.1078599425334689 0.25641025641025633
1.0 0.7646111871094732 0.5057955742887249
1.0 0.7638067771524935 0.568561872909699
1.0 0.13189522528509945 0.5128205128205129
1.0 0.4804440416973683 0.6643356643356643
1.0 0.8042897995011211 0.2991452991452991
1.0 0.49671670773555804 0.8008429926238146
1.0 0.27904517156831765 0.03944773175542409
1.0 0.6594741634571784 0.41958041958041953
1.0 0.8942096895428573 0.41958041958041953
1.0 0.15246939007764226 0.3846153846153846
1.0 0.523406430817681 0.39072039072039066
1.0 0.22866666839294425 0.6837606837606837
1.0 0.5323232427234886 0.7525083612040133
1.0 0.6744371780722935 0.0
1.0 0.06637734274337527 0.17416545718432505
1.0 0.3978094599171078 0.0
1.0 0.01796116156264246 0.0
1.0 0.6926185156556837 0.046620046620046575
1.0 0.5844294615066111 0.21978021978021983
1.0 0.2844225085497283 0.0
1.0 0.730652424109287 0.6500541711809317
1.0 0.22587338807475624 0.5917159763313609
1.0 0.7346956913886382 0.4807692307692307
1.0 0.6320192322874073 0.1398601398601399
1.0 0.6630732733017344 0.7692307692307692
1.0 0.6073942343050619 0.3001876172607879
1.0 0.6441689084881939 0.170940170940171
1.0 0.8698123889539675 0.0
1.0 0.4817315047940948 0.9694415173867229
1.0 0.8582945339412751 0.7692307692307692
1.0 0.4745895028679104 0.879120879120879
1.0 0.4040096312141607 0.41958041958041953
1.0 0.05489009194449105 0.25641025641025633
1.0 0.2363468540685002 0.5917159763313609
1.0 0.2344629877010929 0.0
1.0 0.538696792850907 0.5680473372781065
1.0 0.432266663329807 0.6153846153846154
1.0 0.37634956323550917 0.3550295857988165
1.0 0.28432467760107505 0.0
1.0 0.6196824861304024 0.0
1.0 0.16294467875342056 0.0
1.0 0.6480516740326435 0.25641025641025633
1.0 0.6086850768804536 0.5594405594405595
1.0 0.26210144103452193 0.0
1.0 0.23175923621981478 0.2692307692307693
1.0 0.21720972353377332 0.09324009324009315
1.0 0.36660333946181417 0.9615384615384615
1.0 0.6932587337308341 0.2122015915119364
1.0 0.8938819701669474 0.0
1.0 0.7654638805908922 0.5704407951598963
1.0 0.3806200177205058 0.1538461538461538
1.0 0.7036858740658671 0.40671971706454463
