T:1607428124.2135732
~~~
T:1607428124.874201
1.0 0.3096521453099104 0.3550295857988165
1.0 0.3848057994969267 0.0
1.0 0.475858702138265 0.0
1.0 0.7998101321041354 0.46153846153846156
1.0 0.2677223758467765 0.0
1.0 0.4765593458759965 0.7780725022104333
1.0 0.20936620110721188 0.8875739644970413
1.0 0.48595551435020734 0.0
1.0 0.31909383434327654 0.0
1.0 0.40794464756655036 0.641025641025641
1.0 0.8024339745162943 0.09925558312655094
1.0 0.10220843504549185 0.6366047745358091
1.0 0.5149189889545336 0.0782268578878748
1.0 0.6204414756064486 0.6837606837606837
1.0 0.24049795534812157 0.8547008547008547
1.0 0.1850826510092231 0.3846153846153846
1.0 0.5813110515887961 0.0
1.0 0.6362482273912954 0.3927986906710311
1.0 0.23217169691545067 0.06279434850863429
1.0 0.8055171901099637 0.0
1.0 0.2802407790175651 0.0
1.0 0.36859379940032383 0.030165912518853758
1.0 0.6557808958012288 0.7239819004524887
1.0 0.690914014351529 0.7142857142857143
1.0 0.34900585763856257 0.5494505494505494
1.0 0.6874962710083012 0.79002079002079
1.0 0.5985111104262697 0.7239819004524887
1.0 0.7987617620923659 0.7501589319771138
1.0 0.6247656820310172 0.051282051282051266
1.0 0.5387076640847998 0.5917159763313609
1.0 0.7051355535034213 0.586080586080586
1.0 0.7264559865720027 0.21978021978021983
1.0 0.6138609343536087 0.6993006993006994
1.0 0.30269448737060833 0.0
1.0 0.494816867367094 0.0
1.0 0.777444356167877 0.6426484907497566
1.0 0.6526560996239328 0.7692307692307692
1.0 0.7717590020107721 0.4733727810650888
1.0 0.669693234626177 0.40865384615384615
1.0 0.12973150806691386 0.4230769230769231
1.0 0.5808358331394592 0.8428093645484949
1.0 0.037037468905626 0.0
1.0 0.4171507470167486 0.0
1.0 0.39978255721970446 0.0
1.0 0.7527534787589484 0.0
1.0 0.6271086311384195 0.6072874493927125
1.0 0.4104893133413815 0.0
1.0 0.6762816321407581 0.3619909502262444
1.0 0.0777963827238499 0.8067542213883677
1.0 0.6960439506512782 0.0
1.0 0.7967613593322737 0.37606837606837606
1.0 0.5591733978785062 0.11257035647279542
1.0 0.5975077231490329 0.5594405594405595
1.0 0.4199382758093844 0.5398110661268556
1.0 0.8155700250964388 0.0
1.0 0.5390771707494901 0.8846153846153845
1.0 0.16203211809462748 0.0
1.0 0.2516702519058976 0.4682274247491639
1.0 0.6921249817376336 0.5268703898840885
1.0 0.12283349068501816 0.3076923076923076
1.0 0.5480482090548887 0.7100591715976331
1.0 0.17510480253915853 0.08918617614269793
1.0 0.1731095723840118 0.6349206349206349
1.0 0.737221631616895 0.3550295857988165
1.0 0.020648390101367972 0.3384615384615384
1.0 0.5325612681113789 0.7692307692307692
1.0 0.6019432252134982 0.0
1.0 0.387646606859203 0.7364975450081832
1.0 0.34213944973923766 0.41958041958041953
1.0 0.02505788755118532 0.0
1.0 0.14723885100727355 0.0
1.0 0.25814718567874256 0.5997392438070404
1.0 0.5208257364301355 0.25641025641025633
1.0 0.5790560731066771 0.5398110661268556
1.0 0.4748673849215411 0.37606837606837606
1.0 0.3463081770982489 0.1398601398601399
1.0 0.042736886007896935 0.334448160535117
1.0 0.17771395438571932 0.7100591715976331
