T:1607236254.4318972
~~~
T:1607236254.878985
1.0 0.6168456251028206 0.054945054945054916
1.0 0.6479337829235442 0.7692307692307692
1.0 0.4327823343682177 0.6237006237006236
1.0 0.75373695942225 0.10989010989010983
1.0 0.3342293127050988 0.0
1.0 0.14790997482315335 0.8114961961115807
1.0 0.6055434814263561 0.727874276261373
1.0 0.5090795285605175 0.0
1.0 0.42283098686829035 0.31830238726790444
1.0 0.7193656242754045 0.26755852842809363
1.0 0.16618666273149993 0.7427055702917771
1.0 0.7085941781488491 0.6072874493927125
1.0 0.6276264966271152 0.13574660633484165
1.0 0.3498527769428401 0.051282051282051266
1.0 0.12477565244597708 0.2692307692307693
1.0 0.7186684414196489 0.7032967032967034
1.0 0.7861169247809102 0.170940170940171
1.0 0.6550125224699928 0.7692307692307692
1.0 0.56676519452059 0.0
1.0 0.7130475776097672 0.0
1.0 0.41776164811484434 0.4633920296570898
1.0 0.8781460215879884 0.21978021978021983
1.0 0.6955904279991989 0.0
1.0 0.6196306815288551 0.0
1.0 0.984850583910521 0.0
1.0 0.5335630412854492 0.28622540250447226
1.0 0.7865763235064982 0.1923076923076923
1.0 0.8291941234588739 1.0
1.0 0.6758039014702544 0.5668016194331984
1.0 0.6988368922937738 0.5994005994005994
1.0 0.6005747137568198 0.03944773175542409
1.0 0.11973569124042842 0.03344481605351168
1.0 0.7759546658560893 1.0
1.0 0.4793934984901448 0.5128205128205129
1.0 0.6666225404803209 0.04807692307692307
1.0 0.4268728125785423 0.18761726078799248
1.0 0.4668953754340655 0.35674470457079155
1.0 0.4232672164088831 0.06279434850863429
1.0 0.6124083114085738 0.0
1.0 0.5301167735260789 0.0
1.0 0.6914017584151597 0.794590025359256
1.0 0.40685696143140565 0.04962779156327539
1.0 0.3834075274454791 0.8488063660477453
1.0 0.5305389632079444 0.673076923076923
1.0 0.3804385042854976 0.34188034188034183
1.0 0.3773904449836888 0.0
1.0 0.3476658229578586 0.0
1.0 0.45621687693559076 0.8193979933110367
1.0 0.6485422012686679 0.4354136429608128
1.0 0.5471415154790925 0.0
1.0 0.36642331892207436 0.40485829959514175
1.0 0.5538797842094875 0.28490028490028496
1.0 0.8248118183084399 0.0
1.0 0.7000646263209497 0.5594405594405595
1.0 0.7454973299259999 0.6029106029106028
1.0 0.44794264391823674 0.3076923076923076
1.0 0.6140747728527476 0.5128205128205129
1.0 0.9991940233650656 0.0
1.0 0.28109513305822376 0.0
1.0 0.6669344639031175 0.4582651391162029
1.0 0.3844171325546987 0.7789678675754625
1.0 0.5303530706284245 0.3193033381712626
1.0 0.7627630159992114 0.08791208791208793
1.0 0.4331108952126834 0.20066889632107027
1.0 0.7342664059886839 0.5641025641025641
1.0 0.5215439790641321 0.0
1.0 0.3401468087780427 0.0
1.0 0.29890506696186236 0.8526413345690455
1.0 0.22984521448610964 1.0
1.0 0.40600211335528874 0.0
1.0 0.30316842768314084 0.8333333333333334
1.0 0.6992011179824292 0.6593406593406593
1.0 0.09389831688567425 0.0
1.0 0.4179798698252029 0.3846153846153846
1.0 0.5331210144811105 0.6153846153846154
1.0 0.6404599700365542 0.0
1.0 0.3435032855680271 0.8320251177394035
