T:1607427250.915922
~~~
T:1607427251.450048
1.0 0.5609604055801404 0.23468057366362455
1.0 0.5564471302640822 0.0
1.0 0.4913834961351359 0.7367280606717227
1.0 0.3158916637304818 0.4395604395604395
1.0 0.6280268408376682 0.6153846153846154
1.0 0.4554502609678865 0.8333333333333334
1.0 0.6206562341784472 0.0
1.0 0.19764687779941845 0.0
1.0 0.7593955312036078 0.0
1.0 0.723777363607297 0.0
1.0 0.25872749180770854 0.0
1.0 0.428914998335443 0.46153846153846156
1.0 0.6523171679383484 0.5128205128205129
1.0 0.7513447449049182 0.0
1.0 0.40663697827203127 0.0854700854700855
1.0 0.3946119875436676 0.2393162393162393
1.0 0.6551845130190846 0.054945054945054916
1.0 0.3530849140379603 0.4662004662004661
1.0 0.8558535842250798 0.0
1.0 0.6356921676724206 0.8413461538461539
1.0 0.2204630447864388 0.7207207207207207
1.0 0.8838034502469537 0.7692307692307692
1.0 0.5043180831248639 0.06993006993006987
1.0 0.5129807168935191 0.0
1.0 0.3606513647373817 0.0
1.0 0.11537083833953578 0.8222811671087534
1.0 0.7913847665233544 0.4487179487179486
1.0 0.6398867111211604 0.43269230769230765
1.0 0.655307885716954 0.0854700854700855
1.0 0.690759674237077 0.0
1.0 0.5888895305382182 0.5244755244755245
1.0 0.43488265277085225 0.1923076923076923
1.0 0.6586078902637273 0.2366863905325444
1.0 0.39689844652318035 0.2991452991452991
1.0 0.2786253693191443 0.24038461538461536
1.0 0.7399726052247629 0.6153846153846154
1.0 0.5743336216982663 0.1923076923076923
1.0 0.41290507125316583 0.6318681318681318
1.0 0.6840491916250331 0.34188034188034183
1.0 0.38971147516588006 0.4665825977301387
1.0 0.32690602344158504 0.06993006993006987
1.0 0.6540360782606305 0.879120879120879
1.0 0.37366899750090365 0.728744939271255
1.0 0.51288746532573 0.9823911028730304
1.0 0.49556438642801304 0.0854700854700855
1.0 0.6878489102536052 0.6334841628959276
1.0 0.4564923881656688 0.0
1.0 0.7478729283440447 0.27972027972027963
1.0 0.3479472180985293 0.6267806267806268
1.0 0.17358341275445302 0.0
1.0 0.632234671498392 0.1923076923076923
1.0 0.4493764974760333 0.586080586080586
1.0 0.1474493567877203 0.0
1.0 0.41780935413397735 0.717948717948718
1.0 0.7903412808156693 0.0
1.0 0.3894006402531374 0.45364891518737666
1.0 0.5997972676021375 0.3935599284436494
1.0 0.5318450946095402 0.08391608391608395
1.0 0.601200426721925 0.8008429926238146
1.0 0.4298382673294648 0.0
1.0 0.5726052869625761 0.6334841628959276
1.0 0.2739990785769364 0.0
1.0 0.6041026091798929 0.10989010989010983
1.0 0.4528949296402366 0.07889546351084818
1.0 0.5119635246529125 0.5576923076923077
1.0 0.7199962621808438 0.8097165991902835
1.0 0.6439293427205528 0.8571428571428571
1.0 0.506855198012774 0.3125
1.0 0.49057452520625355 0.4558404558404558
1.0 0.4397814256650111 0.5207100591715976
1.0 0.3471447241784847 0.6710310965630114
1.0 0.5900200484504565 0.0
1.0 0.5981707808965447 0.7692307692307692
1.0 0.4343639478418393 0.2714932126696833
1.0 0.9926813495290071 0.717948717948718
1.0 0.37623629066867087 0.641025641025641
1.0 0.5143309982608851 0.4733727810650888
