T:1607232734.290656
~~~
T:1607232734.7497768
1.0 0.5218700582639959 0.9615384615384615
1.0 0.6547772734025936 0.1923076923076923
1.0 0.10671736351928054 0.12820512820512825
1.0 0.6588512329494843 0.32967032967032966
1.0 0.776369769098919 0.04273504273504275
1.0 0.1842454615363825 0.673076923076923
1.0 0.662676755523253 0.7692307692307692
1.0 0.7977947799787343 0.0
1.0 0.4124672460425711 0.5128205128205129
1.0 0.5726255021202223 0.1398601398601399
1.0 0.7515598363722056 0.09615384615384615
1.0 0.02991675296075945 0.2366863905325444
1.0 0.646529460942461 0.0
1.0 0.4320868952069601 0.0
1.0 0.5539504511827681 0.7692307692307692
1.0 0.5806122827070984 0.9401709401709402
1.0 0.6789563711056059 0.3846153846153846
1.0 0.4559255692805088 0.9109311740890688
1.0 0.1659897135996545 1.0
1.0 0.6493825672608559 0.0
1.0 0.43774266702758163 0.5459057071960298
1.0 0.04421470819433417 0.6153846153846154
1.0 0.35192091317870366 0.34188034188034183
1.0 0.677116466482631 0.3076923076923076
1.0 0.5123044765494441 0.3496503496503497
1.0 0.6407935028173909 0.46153846153846156
1.0 0.6424448512321278 0.8591408591408592
1.0 0.7875836051683615 0.6688963210702341
1.0 0.3408175284471969 1.0
1.0 0.13361001045988474 0.16194331983805665
1.0 0.40105214792008986 0.7384615384615384
1.0 0.892758751141263 0.7521367521367521
1.0 0.11597467543554445 1.0
1.0 0.3664149658286477 0.6593406593406593
1.0 0.6601516499032711 0.6371406371406371
1.0 0.4750350192422708 0.3461538461538461
1.0 0.25747681401363504 0.5931417979610751
1.0 0.4913493713195637 0.5570291777188328
1.0 0.07782105444838944 0.0
1.0 0.3937244749424851 0.046620046620046575
1.0 0.4014374429332603 0.23076923076923078
1.0 0.759490969843171 0.054945054945054916
1.0 0.5812349135978897 0.879120879120879
1.0 0.4082487216973693 0.8155699721964781
1.0 0.5934529050915627 0.6326383896477354
1.0 0.642508352878802 0.08791208791208793
1.0 0.33840330689226145 0.541958041958042
1.0 0.57644929348897 0.2447552447552447
1.0 0.28869292489026016 0.20512820512820507
1.0 0.5347229158293657 0.11257035647279542
1.0 0.5146291725797 0.5510907003444317
1.0 0.81738969425796 0.0
1.0 0.2389570834462835 0.6706114398422091
1.0 0.4567145162553087 0.4102564102564103
1.0 0.5129420517945712 0.7017543859649122
1.0 0.039288308819643215 0.07326007326007333
1.0 0.688989452926892 0.10989010989010983
1.0 0.06168055715591362 0.25641025641025633
1.0 0.5504571691098302 0.6050129645635263
1.0 0.5089476169050232 0.19433198380566793
1.0 0.015026414169501125 0.27972027972027963
1.0 0.08379686358575651 0.8547008547008547
1.0 0.0427404956345082 0.6043956043956045
1.0 0.057637790446347655 0.0
1.0 0.1698420130256649 0.0
1.0 0.24633722507943412 0.8933002481389577
1.0 0.2659543423448317 0.8041958041958042
1.0 0.43612724422653915 0.4395604395604395
1.0 0.31130589929702523 0.3496503496503497
1.0 0.5162888814956434 0.0
1.0 0.5394250698920086 0.8481262327416174
1.0 0.2772458809540579 0.5510907003444317
1.0 0.5474058035659811 0.0
1.0 0.7894266780291761 0.6717226435536294
1.0 0.4185200998956118 0.0
1.0 0.566131241614213 0.24175824175824173
1.0 0.025799013490952802 0.0
