T:1607232675.0835588
~~~
T:1607232675.482955
1.0 0.5324932606705078 0.6334841628959276
1.0 0.6522393293510064 0.5128205128205129
1.0 0.45947709030839545 1.0
1.0 0.6815807175779308 0.5917159763313609
1.0 0.5659988515973379 0.8597285067873303
1.0 0.4564675870833833 0.5459057071960298
1.0 0.6685057976320755 0.5128205128205129
1.0 0.7882038816816234 0.0
1.0 0.6265084717321477 0.6993006993006994
1.0 0.5587531992525592 0.673076923076923
1.0 0.5553792364548297 0.0
1.0 0.4839016252929125 0.0
1.0 0.6091812907276667 0.0
1.0 0.36991655331305695 0.7925407925407925
1.0 0.5068279846173221 0.5128205128205129
1.0 0.6277020263987589 0.1923076923076923
1.0 0.6521700825658678 0.0
1.0 0.8559294098727731 0.0
1.0 1.0 0.9615384615384615
1.0 0.557855428810588 0.0
1.0 0.7895599268496634 0.0
1.0 0.47056506740905685 0.46153846153846156
1.0 0.6534998226565364 0.5128205128205129
1.0 0.15639107102504698 0.6334841628959276
1.0 0.7976777722068701 0.1337792642140469
1.0 0.5050368694371791 0.0
1.0 0.7566738849523594 0.9364548494983278
1.0 0.7848919776973475 0.6993006993006994
1.0 0.6874109651246603 0.25641025641025633
1.0 0.6970184263578793 0.586080586080586
1.0 0.6681063482748659 0.7692307692307692
1.0 0.7887978276457467 0.6422703510082152
1.0 0.45938948661884943 0.6153846153846154
1.0 0.5215915140014952 0.7484407484407485
1.0 0.5701429785654368 0.5970149253731343
1.0 0.6563717181228566 0.9072978303747534
1.0 0.49873181623798885 0.12820512820512825
1.0 0.5670743312347484 0.46153846153846156
1.0 0.18461353248549314 0.9467455621301776
1.0 0.5163248236307646 0.7161803713527852
1.0 0.6406347830635956 0.9331651954602774
1.0 0.8561604789118484 0.8894230769230769
1.0 0.5419937955758577 0.9467455621301776
1.0 0.36736592212766994 0.6153846153846154
1.0 0.3654727645754806 0.0
1.0 0.66347567453797 0.6258148631029987
1.0 0.6925414474103997 0.465587044534413
1.0 0.3271037987432389 0.0
1.0 0.33213775387828537 0.2366863905325444
1.0 0.2687995509814432 0.3076923076923076
1.0 0.251975871787044 0.0904977375565611
1.0 0.38601248597120985 0.8205128205128205
1.0 0.8774883658839329 0.20512820512820507
1.0 0.5152299690624927 0.0
1.0 0.3347508009430438 1.0
1.0 0.6739482505320215 0.5210918114143921
1.0 0.611585949037113 0.5384615384615384
1.0 0.6697307464712664 0.6243032329988852
1.0 0.7942295635511049 0.8442776735459663
1.0 0.30232766049708276 0.9100758396533044
1.0 0.5599185572148663 0.0
1.0 0.2800149821747819 0.8547008547008547
1.0 0.4618459529091276 0.03846153846153849
1.0 0.4661601558338816 0.170940170940171
1.0 0.7820092409008994 0.0
1.0 0.6246757763395859 0.08097165991902842
1.0 0.6682783243545393 0.25641025641025633
1.0 0.5093302431109838 0.5182186234817814
1.0 0.3195170569197424 0.286831812255541
1.0 0.05249675796943576 0.0
1.0 0.5647294940640256 0.8058608058608059
1.0 0.5790817935631237 0.3935599284436494
1.0 0.8213441642226103 0.21978021978021983
1.0 0.8934046524352575 0.12145748987854255
1.0 0.6605627080911203 0.04807692307692307
1.0 0.32048884864580796 0.6334841628959276
1.0 0.4967276848867048 0.6477732793522266
