T:1607427357.129581
~~~
T:1607427358.6983502
1.0 0.7200027796170747 0.5594405594405595
1.0 0.038011876047152934 0.0
1.0 0.6698952223907989 0.20512820512820507
1.0 0.531545727957198 0.0
1.0 0.631691439323613 0.8906882591093117
1.0 0.48918667164839713 0.12820512820512825
1.0 0.6693437107544656 0.20512820512820507
1.0 0.741579480268705 0.11538461538461531
1.0 0.23446736328976617 0.9615384615384615
1.0 0.3881786271376718 0.8058608058608059
1.0 0.7201619204112267 0.8144796380090498
1.0 0.5322639290757433 0.0
1.0 0.6242136283105274 0.606060606060606
1.0 0.676837872119882 0.5128205128205129
1.0 0.5418894181457349 0.4081632653061224
1.0 0.7832833018994718 0.717948717948718
1.0 0.5748196595131713 0.641025641025641
1.0 0.6691412471967451 0.0854700854700855
1.0 0.16332352370430722 0.5769230769230769
1.0 0.8646255311829727 0.4102564102564103
1.0 0.6202196883297354 0.6593406593406593
1.0 0.597107551002864 0.21978021978021983
1.0 0.9257635394146211 0.0
1.0 0.26708894402921457 0.6293706293706293
1.0 0.6256034808353504 0.0
1.0 0.4921052817101008 0.0
1.0 0.806370649999462 0.0
1.0 0.5321078611502809 0.5398110661268556
1.0 0.2236560574192984 0.0
1.0 0.6791823526819917 1.0
1.0 0.6514650825292488 0.12820512820512825
1.0 0.5468018722170116 0.6009615384615384
1.0 0.17607979851672778 0.717948717948718
1.0 0.6189312630920119 0.588235294117647
1.0 0.648750237155335 0.5769230769230769
1.0 0.13094246557602418 0.1923076923076923
1.0 0.5862064074791014 0.07692307692307698
1.0 0.5021601656345471 0.13574660633484165
1.0 0.4646116916578103 0.8284023668639052
1.0 0.6623375757200193 0.0
1.0 0.6969907801917535 0.04048582995951412
1.0 0.6323140453070317 0.0
1.0 0.6761729143179002 0.6593406593406593
1.0 0.6845406203546422 0.28622540250447226
1.0 0.5638876051982247 0.728744939271255
1.0 0.23294447594444087 0.9523809523809523
1.0 1.0 0.054945054945054916
1.0 0.6142083590026084 0.5429864253393665
1.0 0.2798199883760051 0.879120879120879
1.0 0.43386780683902004 0.2429149797570851
1.0 0.5058791118249423 0.4714640198511165
1.0 0.758834027883384 0.6334841628959276
1.0 0.6538883914179647 0.24886877828054293
1.0 0.6388825174538059 0.24813895781637713
1.0 0.4641269423596985 0.0
1.0 0.6729857244201956 0.7504690431519699
1.0 0.8124567053676257 0.44665012406947885
1.0 0.499897525279051 0.0
1.0 0.33186428935796264 0.4102564102564103
1.0 0.6607372734694105 0.42875157629255983
1.0 0.4802838164846451 0.6095791001451379
1.0 0.6204014089344492 0.0
1.0 0.882019980653087 0.0
1.0 0.8314018891663509 0.3238866396761133
1.0 0.09646051744711306 0.0
1.0 0.46877950531065743 0.09230769230769238
1.0 0.6714489438424023 0.6801619433198381
1.0 0.6986987175298189 0.170940170940171
1.0 0.5959072320622478 0.6666666666666666
1.0 0.749289951923356 0.3846153846153846
1.0 0.7204079241200647 0.0
1.0 0.742270169105708 0.713489409141583
1.0 0.517415784963101 0.0
1.0 0.4902901676074688 0.19943019943019946
1.0 0.2824401028936287 0.035778175313059095
1.0 0.7296184250187372 0.8111888111888113
1.0 0.7578320765838982 0.46153846153846156
