T:1607232664.692889
~~~
T:1607232673.395518
0.3614982540210803 0.847186047406635 0.02893658066071857
0.4975650860665468 0.7830936762357186 0.6729528535980148
0.5469401547671042 0.81379442824693 0.5026656511805025
0.923650757169615 0.8883857226444365 0.2859960552268245
0.44943301914449546 0.798077324047701 0.02556999786916677
0.5187801819466238 0.7846160448932735 0.0
0.3067367455278754 0.8641023426920336 0.20297102515075754
0.4781746494837338 0.8191006707817841 0.46674974510026057
0.5002477584988447 0.8035400315547073 0.010055304172951196
0.8991247905231926 0.7506094751297567 0.5288461538461539
1.0 0.8328818473344527 0.2123076923076923
0.48172249418889806 0.7863652547178038 0.7927187316500294
0.4851050082282175 0.9047266431423358 0.3016591251885369
0.7871695493143713 0.8127236490791837 0.6084656084656084
0.8241859044026087 0.777459054158052 0.611369650515558
0.44336320559884973 0.8459922159507518 0.37268932617769823
0.8066832788514458 0.8028271748702205 0.21978021978021983
0.3622668250021793 0.8306746709636927 0.2273101630703344
0.8934849588684293 0.8873950438498375 0.5618347415779655
0.4783178658253156 0.7619002692355369 0.5749108888122342
0.2965473482761194 0.7937894591349812 0.6141096472588184
0.5828398588689402 0.8390576599654774 0.41931197401446924
0.8932302110494111 0.7635161873365881 0.7361850559941252
0.19817464845361676 0.8459027909144704 0.033204205866076336
0.244298041858866 0.7800923241400902 0.6481178396072014
0.852365028517857 0.6888191757322865 0.803793907242183
0.46057713383691284 0.9349595975928972 0.6676342525399129
0.4624939958053618 0.8011374217414904 0.334448160535117
0.8402624716160636 0.880927479540829 0.6371191135734072
0.3374309562242144 0.7376214286533891 0.0
0.2867296514383608 0.7650931482585961 0.6746681214766321
0.5852379250611739 0.8785638560375998 0.65149136577708
0.7687588684154896 0.8117696051289891 0.712856883069649
0.6413500525301327 0.773378353179378 0.6706114398422091
0.7805667310489136 0.7953754119366925 0.32714412024756856
0.9601996795080051 0.733886683309793 0.12276999808171882
0.47486685931864414 0.777687609108785 0.49284049284049286
0.9154539822724991 0.8514719761845139 0.7404360345536817
0.7454253755652691 0.8130523344122137 0.2166847237269773
1.0 0.8676611296129664 0.0
0.6188626520830578 0.6587003434057865 0.7566204287515762
0.38783219735206326 0.8106563181346914 0.5152741994847257
0.8896160090351448 0.7987738608196355 0.7990459153249851
0.9758340584094689 0.8521082218288544 0.020790020790020746
0.279769516042813 0.8896939905924064 0.523076923076923
0.6384926873074132 0.8321433690567828 0.3144300954519932
1.0 0.76264304465514 0.00569800569800562
1.0 0.7811199294698719 0.7766272189349112
0.7954655613313283 0.848668951262701 0.01628001628001628
0.3481216897426382 0.861505959567407 0.14553014553014557
0.6857357734641262 0.8433306610715292 0.3753634681469733
0.47967536128941124 0.7461446430698535 0.49210049210049206
0.7118931004312539 0.730029821812414 0.4284323271665044
1.0 0.811575135399957 0.08708272859216253
0.7915341656146092 0.7837965839171189 0.5030021524866884
0.30948389900790124 0.7530346332974467 0.416289592760181
0.9931317553412768 0.8497545201477517 0.3929887239030926
1.0 0.7849042763149074 0.11563599798893909
1.0 0.7788846896097845 0.03150433184562873
1.0 0.5966143249454011 0.9246575342465754
0.6196249437210124 0.8255368091892662 0.48733874820831347
0.634616527594325 0.8393865345282657 0.7074175824175825
0.5832832960279696 0.8017335040617172 0.0
0.712081422010951 0.7697713671296182 0.7566521528785679
0.7596888563259717 0.8245690196628781 0.543381037567084
0.9558701216515755 0.8746948997854176 0.5606041213362345
0.7597539922992999 0.8155383131804801 0.6368311631469527
0.5992489832064625 0.7739903758562393 0.1882893226176809
1.0 0.8803548147049043 0.5886970172684459
1.0 0.7442614320236591 0.5205905205905205
0.35626279691520496 0.8611689762278736 0.2260298942763397
0.4316915194269493 0.8108731669329204 0.16088486676721964
0.7508896464542251 0.7934019371469972 0.2511773940345368
0.49133761779242596 0.8239717774416594 0.2714932126696833
0.6717171325706193 0.919377565334389 0.5243284065163447
0.38996262964020784 0.6301901904476093 0.9678364286132755
0.215192698900567 0.77425509735046 0.3562753036437248
