T:1607232748.006958
~~~
T:1607232759.187138
0.16797401655885388 0.8732179851917112 0.41614123581336687
0.4049211996808777 0.8323678929187827 0.33136094674556216
0.2437931038521866 0.8384762825792658 0.5201465201465202
0.20135379764471417 0.8747077031529333 0.8123076923076923
0.23538198440219635 0.7893926763191561 0.2981514609421586
0.32540583694926994 0.9090211794981393 0.40176384125428716
0.3899534967950661 0.9360871759572027 0.6736251206034558
0.3898138126201008 0.884574527428271 0.3046458492003046
0.4315642011191614 0.7594876105458888 0.7048458149779736
0.4439069588603133 0.7835477422422743 0.0
0.37059941020668985 0.7250854106002125 0.5674173735010237
0.3551659040379498 0.84828678885735 0.8026755852842808
0.5150994396766733 0.8829032262844841 0.44153156260779586
0.5030849516032778 0.6183559043495115 0.974155069582505
0.32898609925826683 0.670136661045851 0.9622179940201141
0.2721014126664213 0.8630979202771472 0.2313701923076923
0.4774529294132434 0.6817708109982393 0.7663206906586477
0.4431649139653962 0.9241036835804941 0.5870445344129553
0.7501130806854196 0.8707264065532477 0.7079646017699116
0.49652294043311107 0.8269501144916747 0.08205128205128207
0.24510093107583875 0.773270623470472 0.4347826086956522
0.33766779646472816 0.660494479131498 0.776981205192792
0.3452106165435146 0.7611291716839121 0.6450864369416405
0.8971343374663607 0.8689541372312233 0.411663807890223
0.5359958693934767 0.8084741691043895 0.3429101019462465
0.4436024053832286 0.6586882878873982 0.6395084205735092
0.22553604153800683 0.861173011138699 0.33561979421852034
0.5388650741044198 0.8665529550396777 0.6250604741170779
0.7149354654887701 0.8137097236668518 0.5832628909551986
0.31447043249122963 0.7516196976808479 0.48205128205128206
0.36962000702838255 0.676400630282288 0.7566498921639108
0.6954952855274541 0.8220537912806412 0.6865861411315956
1.0 0.7016723916693259 0.7196320678149517
0.5265945916039628 0.8360816019888373 0.2069504099960953
0.6339047726838936 0.7631621331048306 0.6043956043956045
0.6409895919607823 0.900445014122708 0.7947502734232592
0.5384948620916776 0.7176883804149529 0.3448275862068965
0.37561154458435353 0.8240625513610299 0.44520547945205474
0.6524023519805624 0.9098718049746494 0.04234297812279455
0.37096343269901205 0.8544602337515583 0.5741626794258372
0.602031263884335 0.7261861012137059 0.39335664335664344
0.8901747823216942 0.813127177442141 0.4118930714675395
0.9725797467649127 0.7526426988512456 0.4947579220167276
0.5536955269893863 0.8393663590682787 0.3303445021236432
0.7426589076323875 0.7803869118694057 0.6345892913057092
0.673945763804107 0.9009042781393205 0.616537021031403
0.5325258142046745 0.696220453268534 0.48205128205128206
0.3079366025324485 0.8102535200205169 0.7416629613161405
0.9088820757103265 0.6704091854113384 0.9146133369735854
0.780732525845134 0.8629843071222463 0.44682274247491643
0.34513327736459043 0.812130129399353 0.7248681677408554
0.9107823834934481 0.7385912334197412 0.4590346362498262
0.4125260845724164 0.8316156607941726 0.024497795198432135
0.6595840522099246 0.8685254299401148 0.7329151535160118
0.49512337647056687 0.8237524900124169 0.0424989375265619
0.5945825939572305 0.8472352177988033 0.036923076923076954
1.0 0.9095417960109221 0.14099108438731087
0.692840556627989 0.7968175400171261 0.2901724609909662
1.0 0.8264709402411974 0.4283662008619563
0.8348498789270137 0.8852231152271409 0.0
0.8531236441259307 0.8368579845275558 0.30946065428824054
0.7788135572795928 0.8001393070349782 0.062271062271062216
0.9683719302003918 0.93451929916399 0.6165665320594897
0.8503421335006607 0.6163417421759468 0.8879598662207359
0.8999996954137023 0.823595167969039 0.11775878442545103
0.3239270641118094 0.8281111136590054 0.2324294410625345
0.35232305912964235 0.8184899941311263 0.2364149611856034
0.6680217939975961 0.8274875527795518 0.011396011396011412
0.9238419096400029 0.648020959270113 0.7619444155303424
0.698991279779608 0.7708267851577658 0.0
0.4161361165067538 0.8750469002204655 0.45179388749446336
1.0 0.7807317378149251 0.2786190187764991
1.0 0.8457071419217858 0.10931174089068825
0.8789650023158883 0.8478105213764706 0.5683488486036257
0.8295131002343491 0.798727527067955 0.30077787381158166
0.8217337095088012 0.8229799815605908 0.33936651583710403
0.6163196970310497 0.740038887881339 0.0
