T:1607428181.1684859
~~~
T:1607428187.9771461
0.43927904178187016 0.7965356206415485 0.21829521829521828
0.7003162617174422 0.7914118677612113 0.5987762237762237
1.0 0.8172076977120946 0.03386550556361876
0.3095809631278204 0.8148448404938441 0.11443102352193257
0.889201068400255 0.9149336110910524 0.503235082674335
0.7730928095805113 0.7030483815937985 0.33824331696672116
0.7437297679393977 0.8073508048415188 0.41212972719822033
1.0 0.8570372601439752 0.32831366164699505
0.4028029763039331 0.817204515767299 0.4071640252544775
0.7455363685649862 0.622850821245392 0.9504862953138815
0.7403974985730901 0.891775074533261 0.5513561582925746
0.815123643017267 0.6793119345956803 0.6755424063116371
0.5806857705005193 0.6487211051137223 0.7985347985347984
0.336863945413092 0.6340046175040842 0.1384615384615384
0.4173070992065493 0.7648121598729177 0.017683465959328005
0.40501662286135603 0.7662206585690463 0.616710875331565
0.31724423151567427 0.8097280178426278 0.5837104072398189
0.5551578639233896 0.9120456848117954 0.1295546558704454
0.4664373802506825 0.8024606962061749 0.42247907532881623
0.5019000794730197 0.8036037462236925 0.7359467455621301
1.0 0.854868225788043 0.5150697255960414
0.3377386994594709 0.7313410043481593 0.7369553523399678
0.5389702165642826 0.8022678035175915 0.1538461538461538
0.4578970096056168 0.8095098979979072 0.337123745819398
0.461659400635949 0.8088321690505424 0.0
0.8560177689309161 0.6825865916271463 0.94853683148335
0.4291862637721636 0.7824178840571697 0.7936507936507935
0.6617908463942161 0.7226955525274609 0.3132197144173193
0.8423215428338269 0.5890400147633359 0.8076923076923077
0.6013030193928622 0.7112661875282345 0.1523229246001523
0.44232960831964707 0.8321349908281871 0.1769911504424778
0.23315334158732504 0.8127195686715725 0.07692307692307698
0.9169614746010808 0.7307347809803125 0.5921938088829072
0.468085998482122 0.8412362021181092 0.39205955334987597
0.76701939273006 0.884068335419471 0.042603550295857974
0.6518275990461573 0.8224919479425591 0.273330730183522
0.5931359353376227 0.6471052582279955 0.8569500674763834
0.49970564414681007 0.6821002657039221 0.2412587412587413
0.7347692144220728 0.8460135172546559 0.006279434850863497
0.2828227671661 0.8251405749672575 0.005011275369581561
0.5015097367688642 0.9360031874895505 0.5749805749805749
0.742959137183742 0.840020577292299 0.12535612535612536
0.32133487897543217 0.6537275511348093 0.557804768331084
0.464184330527045 0.8069643118296442 0.3584229390681003
0.5897376704662414 0.6960117391608729 0.06546644844517177
1.0 0.755289411662805 0.15540015540015537
0.9497244178483037 0.7841439547861176 0.7091792965398914
0.8949006325635254 0.7847584374569481 0.31468531468531474
0.928649685590999 0.8511199981836188 0.19699812382739212
0.7711774519750138 0.8475096715417384 0.7117181883537024
0.4933045597466294 0.8327709659860355 0.4603076923076923
0.2801003193374563 0.8767019765760315 0.5210918114143921
0.27471101187360647 0.6597628048357517 0.031080031080031108
0.8249085673276629 0.8026105116622134 0.10371650821089032
0.41852419364486826 0.7948669520384098 0.023608105449537738
0.3175594659857235 0.8972249656636034 0.40433925049309655
0.39834560981023054 0.8855246870369325 0.03536693191865601
0.34141772133744647 0.8331788498657469 0.3237243718205642
1.0 0.7614361926814948 0.5736636245110821
0.3329705220486883 0.9205984955085432 0.4700854700854701
0.38515378998556926 0.8965101304975182 0.6429658816154741
0.270196135419697 0.746286086768623 0.6946039035591275
0.32736679091615867 0.846066291249415 0.02313475997686524
0.48678812908498004 0.7457214624382175 0.6731912558309704
0.827633409787255 0.6927138202284244 0.6104291023763937
0.7193856059826712 0.8153262476209246 0.8109844226754456
0.6562383328595165 0.6958630238085775 0.928498813961369
0.7102302252189004 0.7152710756065825 0.10033444816053505
0.499726431357345 0.77734550958374 0.23835319609967498
0.38046614649170196 0.8814901114777776 0.7072548304775792
0.8043280836078298 0.8808137181511106 0.41958041958041953
1.0 0.7282414178751427 0.051282051282051266
0.5544481667484019 0.7670909881649897 0.796950796950797
0.42944915713475534 0.926665319821808 0.6574621959237344
0.22157449633802148 0.7851370179019123 0.6959706959706958
0.37907290392780396 0.8307133578878759 0.4236727128293394
0.5041731173872874 0.7531623866027247 0.2721893491124261
