T:1607232675.4845629
~~~
T:1607232682.718056
1.0 0.6367099947854158 1.0
0.8935809726036599 0.8611537819520142 0.5007541478129712
0.8500563224159227 0.6886122001136278 0.11936339522546417
1.0 0.6282663264641566 0.7692307692307692
1.0 0.8183340556550559 0.1858974358974359
0.706844534820504 0.7527220171910749 0.7953063885267274
0.722505087271195 0.7409296814855868 0.0
1.0 0.773608393533377 0.8406534767260486
0.4715799785688829 0.6569014756005348 0.8996591077515933
0.9606054660210204 0.9145987574208005 0.554315913094539
0.9480246383413964 0.8321004726733952 0.05659891947517361
0.9369416651445448 0.8839139588539772 0.3564727954971857
0.975620343992375 0.7852528805039556 0.14201183431952663
1.0 0.7622779770919004 0.8660570199031737
0.7105928501634492 0.604849284022051 0.8162066940692896
1.0 0.8374834175914668 0.013377926421404604
1.0 0.9046489105313952 0.39702233250620345
1.0 0.617290194055198 0.9857549857549857
0.4117576567795981 0.8440805499990683 0.7218295218295218
1.0 0.8655519654145271 0.7264957264957265
1.0 0.7397061842660523 0.13736263736263737
1.0 0.7126522303324965 0.6526806526806526
0.23436894031122477 0.7848180911907309 0.27397260273972607
0.6823740601538558 0.6741171757697532 0.8636513700891383
0.7554420299803698 0.6804339646817983 0.5023547880690739
0.8907672142640233 0.5730329139882334 0.8463876548982933
0.7933250026503252 0.6475140222410876 0.9137352211356007
0.6626433422528744 0.9226973576424145 0.19580419580419586
0.49307562394713716 0.7388217714831777 0.14464168310322156
1.0 0.8648264589530644 0.5384615384615384
1.0 0.8165899733329413 0.03707136237256714
0.7623472374914204 0.8945889003655112 0.10796221322537111
0.7260993909316485 0.6687321069344186 0.7971637301246238
0.6003110687590075 0.8129240980643817 0.613579968418678
0.25403531994216777 0.7703652750176069 0.6787330316742081
1.0 0.8168626934471068 0.14057008980866856
0.7093311395568669 0.9663386132368819 0.7114624505928854
0.5886810158444336 0.6621457602915273 0.7625707625707626
0.29655762632188604 0.8489981345225559 0.6141684402553969
0.4388690335299299 0.8267023732945643 0.393328354493403
0.6907042656326949 0.8588528144051022 0.26373626373626363
0.407681681866973 0.7891094507855282 0.7660910518053374
1.0 0.8235153160160172 0.613631382862152
0.7994842257077268 0.7385915887670693 0.7561929595827901
1.0 0.7492718648668784 0.12940330697340044
1.0 0.7671898096299266 0.3577817531305903
0.7601234439492898 0.9595465138925235 0.6845448129851799
1.0 0.8036731934186628 0.6189213085764809
1.0 0.849076247763119 0.0
0.975997024570421 0.8204417985215183 0.1398601398601399
0.9034035092458059 0.813948842074484 0.3832658569500675
0.7027714662556408 0.8331326376271992 0.322432058959005
0.9054287523449688 0.806111058867925 0.020790020790020746
1.0 0.8752837259086783 0.5522682445759368
0.2884706709924305 0.884564448949285 0.7775617883921134
0.27423331783487487 0.8391988634787931 0.030165912518853758
0.6497335684129304 0.8382725710289013 0.4351204351204352
1.0 0.7989861124476949 0.4780393108468817
0.8800786071742878 0.8013066796975508 0.684655658477648
0.6294984091527603 0.6504202895501682 0.9523809523809523
0.5888807028128734 0.8024533604355066 0.038893690579083845
1.0 0.8158016975633969 0.537714712471994
0.9137899213114143 0.8373720339813087 0.37220843672456577
0.3192212910581716 0.7506951563136087 0.6669975186104219
0.4945566251131573 0.8336435909667523 0.7566204287515762
0.7295886137670554 0.8137494020133823 0.6627218934911243
1.0 0.669714133254181 0.7719617660446062
0.8798860300537095 0.9054725174062511 0.6912841508542634
1.0 0.8416845043210256 0.4481719302843664
0.9484470401617122 0.7227658940286288 0.5183052241875772
0.7617327703548066 0.8835814990426212 0.0754147812971343
0.43113533110855456 0.7688629081751617 0.026075619295958207
1.0 0.8119949289999434 0.8159796005099872
0.9925796125950164 0.8092519066609499 0.20023360587351913
0.8983998039097814 0.8379488412242492 0.4263206672845227
0.750255111975159 0.8451082354254885 0.3994601889338732
1.0 0.8080445034193576 0.6074184714961414
