T:1605620893.31
~~~
T:1605620905.22
0.557993440042 0.670347607687 0.790470034168
0.648962398668 0.906372438971 0.273768784407
0.431030778207 0.818182622115 0.18684158219
0.563139811365 0.846583814504 0.534609548267
0.365379874617 0.965268638577 0.729831144465
0.517070432613 0.867364909008 0.0200451014783
0.446779431642 0.823521860143 0.308483290488
1.0 0.889918456802 0.561418779241
1.0 0.843668444196 0.346235505471
0.579102804354 0.822226686678 0.35730104828
1.0 0.629142574479 0.973615756224
0.526039342663 0.745552918258 0.0257267815796
0.910640540669 0.666816794932 0.870996707573
0.614102738576 0.939397727381 0.324786324786
0.66879386672 0.834619860371 0.28021978022
0.68095906815 0.950778675041 0.470085470085
0.697733481241 0.804241563303 0.58492440128
0.478539740628 0.826339129018 0.808678500986
0.628351367382 0.633661888994 0.845665961945
0.28607274111 0.840235528683 0.551839464883
0.891468280076 0.922317986966 0.542860208132
0.798347684792 0.905955391062 0.673992673993
0.73920764403 0.854400826427 0.0725329261309
0.441125853553 0.889057208232 0.422138836773
0.40232902124 0.787173502838 0.521277822627
0.900057005903 0.841896191323 0.523220928837
0.753893890204 0.609919377262 1.0
0.523309482916 0.676154393772 0.86517046428
0.647434920469 0.756241814247 0.611439842209
0.451545808055 0.922909564062 0.597536133476
1.0 0.9581160049 0.594583987441
1.0 0.875174452334 0.488968395945
0.731207837374 0.843821440907 0.584869675779
0.946759496389 0.8739137994 0.495756432709
1.0 0.81647500972 0.766229868961
0.976598541838 0.902583317529 0.529300567108
1.0 0.844259321694 0.0178890876565
0.685697474954 0.741491552528 0.330697340043
0.335046881746 0.821647911855 0.378355821394
0.665360835083 0.924384853894 0.748777234326
0.571268887286 0.863582065416 0.627050674444
0.518744552449 0.639352661906 0.899725274725
1.0 0.72108580544 0.17602534765
0.456844490788 0.896236774396 0.060184314463
0.458692328624 0.790468388246 0.523286237572
0.520142679242 0.681839024962 0.940400082491
0.760492791776 0.853227342991 0.787224471435
0.288750065456 0.781720934767 0.147692307692
0.421611564573 0.768684287081 0.561270125224
0.734440636111 0.846162752648 0.395817774459
0.462490573884 0.796963578171 0.82599753188
0.346400153482 0.856158606419 0.177793904209
0.34291510446 0.805641849622 0.420775805391
0.613827580639 0.792716649343 0.740973312402
0.324610710271 0.722717249379 0.437329168294
0.846783495916 0.781810274542 0.706860706861
0.428290428575 0.842479733646 0.036138358286
0.243252862877 0.823254475411 0.704943471514
1.0 0.827640028616 0.464975235015
0.241271237162 0.821758617918 0.761834319527
0.768506256175 0.757077368036 0.414004600051
0.499899045379 0.840266162484 0.454717696097
1.0 0.818520734425 0.629973474801
0.979314600951 0.763794337193 0.686302545039
0.618353239887 0.657848640977 0.507486569894
1.0 0.806067008033 0.0164835164835
0.65495453391 0.777275980154 0.51048951049
0.27158700905 0.819252804643 0.31525851198
1.0 0.81473791322 0.278619018776
0.434180206596 0.749245887384 0.622325043378
0.719681505671 0.923361344165 0.0440705128205
0.656408144364 0.865995509877 0.720253529242
0.764330974956 0.808560887543 0.687645687646
0.540865722638 0.82887803715 0.0818330605565
1.0 0.942723193524 0.0
0.272508955568 0.784166738212 0.787458986511
1.0 0.955480233809 0.02331002331
