T:1607428052.874101
~~~
T:1607428060.2999198
1.0 0.8615714849268454 0.25376685170499597
0.805322347919925 0.6437236389997061 0.968561872909699
0.4601920663144229 0.9753020641182198 0.6609012289485662
0.831641490968374 0.8914004437315698 0.0047047753469772104
0.9754640141713139 0.7177164104866305 0.35431235431235436
1.0 0.6455292163591437 0.8113669769720725
0.39488464488882213 0.9289386246141017 0.09737098344693282
1.0 0.7775588662953894 0.34224954311347394
0.6323009044228954 0.6619794835440465 0.8067319125583096
1.0 0.9326858347303913 0.5605065666041277
0.4116604152076886 0.6083591603331229 0.9989833954591664
0.4926637747336178 0.6440657354473548 0.6185841887748301
1.0 0.6361803444484418 1.0
0.6825600234447659 0.7740198712258531 0.334197637568424
0.6291510695529507 0.6923037785934659 0.5902858470834302
0.46241672993208277 0.6937022821428817 0.34871794871794876
0.2967814600608938 0.7059714481723899 0.6861229223038268
0.777447463886801 0.7084665525156149 0.6624848684934521
0.5222538602517934 0.960595527469058 0.6283542039355992
0.42558178402431807 0.8000115472854528 0.21691973969631242
1.0 0.8027374223651979 0.6940427993059571
0.6151695455246173 0.7153943716593658 0.5889220391749902
0.937815758301453 0.8949247529882618 0.0914760914760914
0.8040426114365321 0.7876371454042408 0.7579658834888959
0.5967982732155552 0.7908211833077126 0.595125039569484
0.50000554600843 0.8495028936347304 0.5039328089588055
0.6412415408874721 0.9065134687043743 0.09300523154427437
0.25054060119849814 0.6745910777695174 1.0
0.9731390494629487 0.9557491669662487 0.6676721970839617
0.4881110431665062 0.818342967285382 0.7318894697535474
0.3260556519218006 0.7087311062719225 0.5373573794626427
0.24074820731257493 0.6860520940826476 0.8783008036739378
0.47990313158180253 0.8589811570529636 0.7876775502674782
0.41236525727507917 0.7709992275668553 0.04615384615384619
0.590913345888933 0.793562170072263 0.3001876172607879
0.3986534899646283 0.859702859957121 0.011148272017837284
0.45226470888240783 0.8211622942814748 0.4310443654705949
0.5481966007320082 0.7741044332006267 0.4965404965404966
0.2215523781641057 0.83522454884044 0.21074815595363539
0.3037678532905267 0.9441678341688489 0.7222548443922489
0.3425332508739778 0.7307354456917745 0.6436420722135008
0.2167149520204415 0.7713361639097337 0.898531667762437
0.6760948020524565 0.7412464013590742 0.5039787798408488
0.46196797439303877 0.6920921367570463 0.7610474631751226
0.32197435532944424 0.7718581353466106 0.4970730204375064
0.3104784476664158 0.8194311059513117 0.031612223393045265
0.9081086423402345 0.7779930952013446 0.2393162393162393
0.2941791083209771 0.7942485021952038 0.7619186896753437
0.7612117279515295 0.8701022438849018 0.751100751100751
0.3037260008282773 0.8785226940102311 0.3032004491858506
0.6763219869282878 0.8608049143700911 0.05239342700643002
0.2526606591184963 0.8239838952170523 0.31999999999999995
0.7808804560802363 0.8430869959281031 0.5525315805689637
0.5323718636313433 0.8013259780097977 0.4553294239392893
1.0 0.830576760607955 0.5891507336594042
0.5323419112480428 0.6898774915727821 0.7712497476277003
0.9920799370199352 0.8221947949669665 0.7023411371237458
0.305641936451906 0.9426739408783478 0.4923076923076922
0.5320208278380031 0.8619202338393189 0.5120718697361032
0.3449653334378766 0.7928629710764573 0.23310023310023306
0.35500363585279143 0.8590680841062195 0.009861932938855981
0.5486613624515311 0.918473345660603 0.5301455301455302
0.40731729581483495 0.6297122336853462 0.6512118018967333
0.6970471400526006 0.8015921593485001 0.43833261710356675
0.41540853904132014 0.9069443573059253 0.7663922793074085
0.573919080179778 0.8580240558361298 0.4552590266875981
0.23642028647340296 0.8716495186973278 0.45924225028702637
0.5482326997190112 0.8617388865149012 0.25169683257918546
0.28364837380646785 0.7935803894285093 0.48520710059171596
0.2194708491041915 0.7138856142210458 0.5062458908612756
0.4768257711149331 0.8092768094446626 0.693503387803906
0.3745061102905233 0.8492323979323493 0.4277673545966229
0.32056589742456637 0.8624763251386165 0.7817589576547231
0.9161799422865924 0.746744170612843 0.16448959845186256
1.0 0.745721885944002 0.3977485928705441
0.3954303075066554 0.8641363777924993 0.5871423262727611
0.6819472370127401 0.8429492957268728 0.0712250712250712
