T:1607232734.751235
~~~
T:1607232742.682403
0.45775142021566495 0.5877641801964494 0.9023831736069884
1.0 0.7112424056973488 0.1317574113543887
1.0 0.76319245673002 0.08220786846741042
1.0 0.7209421859776857 0.2985693551731288
1.0 0.6053567822315448 1.0
1.0 0.8453145827386116 0.48505634492895644
0.38774642455413827 0.7797569181027171 0.7948216167394249
0.8541281263137896 0.6282936875809597 0.9943295721404433
0.4686364785005712 0.7232760640560405 0.1792382374906646
0.34400586637136193 0.6050439239583026 0.9970561884039421
0.3168108081635203 0.6277324922089911 0.7488087134104833
0.2796594203810621 0.8195804067931454 0.824534942182001
0.9083351453299611 0.6482717123673093 0.7543424317617866
1.0 0.8298007312445826 0.5789909015715468
1.0 0.6446407359226053 0.8727948003714019
0.33307654400366504 0.8254674223879463 0.25853814235556966
0.5302806650252181 0.6559881396794868 1.0
0.5290825123748409 0.7579444983656357 0.47666619095190516
0.9290427475348048 0.9520252415867391 0.597119775201967
1.0 0.6739821986823186 0.6271853146853147
0.33697968159391556 0.6239475684720767 0.8503496503496504
1.0 0.799162436169375 0.5499375071014657
0.39431509025701855 0.7155322993499622 0.26828757073988685
0.47905021040787776 0.7177875823244575 0.40556393497569965
1.0 0.61050179574472 1.0
0.5781501269661544 0.8192946498626421 0.4301075268817204
0.46343300467459836 0.7279062233536171 0.0
0.6793639312307824 0.8821756529778623 0.6399080371683111
0.7277958963585838 0.6384390759884743 1.0
1.0 0.7225884659584931 0.6872635561160151
0.621200902664837 0.8115057288616118 0.016632016632016633
1.0 0.6788515433689968 0.5220680958385876
0.3143097490767482 0.8701848286522439 0.6482593037214885
0.32569201232378564 0.8264756058286719 0.20126215248166474
0.20628190329165308 0.7578065949117851 0.29352226720647767
0.25822803218727225 0.7722524772293621 0.054945054945054916
0.376322738832966 0.8329301722934148 0.009295840111550003
0.9149006972228952 0.7111941331137316 0.7752718485702779
0.319667549585952 0.8306415296848599 0.7628205128205128
0.6034119797455708 0.6355680690537319 0.9728314238952537
0.6201235106539922 0.7840809612728636 0.29152835907057295
0.2764655991843722 0.8595886389326196 0.13599660008499787
0.5680711206912766 0.7670197201058758 0.3846153846153846
0.49617335452896294 0.9492777866069163 0.0
0.6011418320985743 0.7863272510317586 0.6952043772127453
0.5378950289637104 0.7828235316844884 0.7335490830636462
0.6623403058618392 0.8752618388749684 0.33494181095657116
0.6857967228126427 0.8111433457954973 0.4071640252544775
0.878545189194122 0.7688588121369924 0.0
0.46290156631661666 0.6525142240741884 0.8735903046625146
1.0 0.8102290875047613 0.3721611721611722
0.5272632383415237 0.854980961487394 0.5922715781870711
0.39937129338952015 0.8515031026870304 0.7692307692307692
0.9901083331521785 0.8458709333945561 0.47452547452547444
0.8293793653077925 0.6812569809154659 0.9185959671396564
0.32890874222224364 0.7546063285008189 0.0
0.5335199271152472 0.9244483147716707 0.3108808290155441
0.35276487261276535 0.8359165626817099 0.8316008316008316
0.564077018897076 0.9085414600800167 0.2547121752419765
0.580650872259321 0.8137675512374345 0.3267003267003267
0.5226046011668003 0.787661233528839 0.3189493433395872
0.615162309677691 0.8123029036800895 0.3348860632003021
0.2881876477373698 0.7442863399682189 0.8673818762839532
0.3771452580686261 0.8303602154819988 0.418333523831295
0.8742400783372944 0.777286609826622 0.3209739900387383
0.8641599661936168 0.8635436951916164 0.30489510489510496
0.3254916106058785 0.888233451722066 0.03273322422258597
0.6237205038875347 0.870530547670245 0.0
0.6301231829649421 0.8824441564989732 0.779768177028451
0.33281943652817975 0.8657470949952535 0.09450009450009451
1.0 0.8909406535619471 0.147477794536618
0.7482146198384487 0.6435723237970676 0.7871198568872988
0.3681790031797678 0.7157978142298316 0.4800872885979269
0.4281506007248615 0.8437863634097587 0.0
0.308603652034088 0.7807245504887048 0.09139375476009147
0.6876597565284481 0.7936632218412235 0.5366190695532012
0.44987071678814855 0.8949603095042907 0.48539695598519134
