T:1607233089.348317
~~~
T:1607233098.385841
0.453336152353199 0.8145718550380896 0.4807692307692307
0.2377937526095806 0.832849614159023 0.32908268202385843
0.3049785156861625 0.817993701184949 0.34507548526240117
0.37694945344213915 0.864587646988234 0.3496503496503497
0.38996381212852993 0.729811911841694 0.2742749054224464
0.8733099668907599 0.7191583503252125 0.0
0.359300094748639 0.7029809439512257 0.3016591251885369
0.45413081840830755 0.9183821675868556 0.6723198061780739
0.42841099575758806 0.648789273069827 0.6185567010309279
0.399937531667466 0.8810444717709434 0.47521900876035045
0.3389918705946893 0.9231506756660938 0.33199940714391574
0.6672298267429793 0.7399487923710575 0.5424501424501424
0.7282362693600024 0.7799120737556982 0.15074262912879635
0.323723670643915 0.9168253447226574 0.0
0.7786092242455821 0.8498126699713263 0.14053254437869822
0.3096803908844579 0.7838819993666075 0.6773431346810186
0.5768478521783202 0.9270403255235887 0.5835543766578248
0.5050892134114525 0.8748459647945744 0.0
0.6567259459070364 0.7810734672133434 0.6615384615384616
0.8617314491914218 0.6632308134548287 0.7729922888847095
0.8704874457858434 0.8518081101791226 0.28421377818968174
0.9492926876376224 0.6728608940610564 0.5438751101598892
0.7914224963495805 0.6352724964879082 0.831646423751687
0.6513029887691958 0.7396037851899757 0.47633136094674555
0.5743406444781999 0.8030079769445277 0.3565970453387671
0.6245732701647638 0.7532836580731697 0.0
0.8512300547262498 0.7910851168971355 0.3583565029348162
0.3442123930205095 0.9225119918062605 0.6498990269873325
0.7578207013287666 0.5759687769973559 0.7869035438563854
0.575571348711115 0.6083386190783445 0.5621301775147929
0.26996922970433007 0.7448462712786089 0.4934210526315789
0.8375091154575593 0.8031434183803765 0.30400736987563337
0.7692224821637365 0.8252388210038925 0.0
0.3986093260685442 0.8817408324373398 0.15734265734265737
1.0 0.8116361802620953 0.6715654357734164
0.6551034608919044 0.8940454243933426 0.6374942422846613
0.9785074251958166 0.6316827071306597 0.9601549529607083
0.6703202034070446 0.835537785139324 0.647406891750783
1.0 0.6609977130973782 0.7444862829478213
0.8935859219170105 0.7129378036759885 0.3586597451628126
1.0 0.7729991406686375 0.5229368507061981
1.0 0.5703428604849088 0.8272859216255443
0.8481833783921064 0.8536549441777691 0.551265760922686
0.9522376544430391 0.7801504365154921 0.5343159834177797
0.8471442427762746 0.8123184820734137 0.4763117677024961
1.0 0.8090041334806055 0.0
1.0 0.8223151256140492 0.5383419069266658
0.3892611585449279 0.8115208382351983 0.6558306558306557
1.0 0.890095826962368 0.5142312982753148
0.3264186874179522 0.8255313861473399 0.3256983979875546
0.4090453535943718 0.7984920129235686 0.1878542510121457
0.6915853867808345 0.8298160053028462 0.4345936549326379
0.8338735687714239 0.8064472818754223 0.7256558470431302
0.9293611221698842 0.7515139626984031 0.2280858676207514
1.0 0.8614835221124137 0.04962779156327539
0.4205611057671189 0.7975337655522018 0.5604395604395604
0.8932929958791274 0.7011019108706346 0.806572068707991
0.46623238261045 0.8727224958389863 0.04195804195804188
1.0 0.6806712871595287 0.8535980148883374
0.2993285189460035 0.837988792486084 0.192789666473877
1.0 0.681663853049496 0.9233733511190159
1.0 0.762035973486181 0.45995241871530534
1.0 0.8450036033283448 0.01678321678321672
0.7206409560527092 0.815132885898946 0.10643444605708755
0.877334012711595 0.9171658180900031 0.009990009990009907
0.3995021834331819 0.8013741758559166 0.4994425863991081
0.5699903614593037 0.6989111822228142 0.49600672551492225
1.0 0.7929391817400302 0.4731822123126471
1.0 0.9000174524757064 0.59375
0.8897034583902331 0.8367506397290734 0.0880318591490253
0.5296281251947875 0.7811783202766542 0.20764511562057572
0.37450793220755085 0.756272624080417 0.5668016194331984
0.9798021798240012 0.8142504535665664 0.6947890818858561
1.0 0.8555833866531095 0.6648936170212765
1.0 0.8055166525778408 0.766531713900135
1.0 0.8433091497999488 0.27859464479182783
1.0 0.6766583464557357 0.7452547452547452
