T:1607232899.7933068
~~~
T:1607232904.4963999
0.24174497115212634 0.8107277094977222 0.5917159763313609
0.29631658723257026 0.7247371218732674 0.8052373158756136
0.4835908614628533 0.6888059997283716 0.0
0.3768442892678229 0.8445299110425641 0.0
0.47947570897265057 0.7261834761710895 0.3846153846153846
0.36712931221775846 0.7955855960713063 0.6015037593984962
0.35911192085458743 0.6998519170005683 0.5392035617116003
0.40119715360409 0.6124703869341719 0.04234297812279455
0.223388957700761 0.758828405832933 0.7959092930191195
0.5199970190366858 0.8955918447463923 0.07692307692307698
0.5379377658642083 0.7437244792873516 0.4682274247491639
0.4310397471204225 0.711718899674127 0.8215593929879644
0.17899711767947607 0.782259562880171 0.7743250127356087
0.7423938255950785 0.7772833345675862 0.027570995312930714
0.29303859779490354 0.8981921852182116 0.12638919154499892
0.560467897332693 0.7727360697338991 0.0686813186813186
0.23621879653261443 0.6882774168468097 0.5532398635846911
0.4282953605418124 0.7723045148298263 0.0
0.38718769556360033 0.6106424764640439 0.5164835164835165
0.21277636635837666 0.8007863926934632 0.5128205128205129
0.44280794020707775 0.8864514013558583 0.0
0.3856175105485266 0.7918215026412814 0.13860013860013853
0.3461735177150303 0.8059729917988371 0.7304925290536802
0.3552731401872084 0.824760098756095 0.0
0.6184903159193015 0.7383694663520393 0.09438414346389803
0.4230315482171236 0.8086118139217358 0.48220436280137774
0.6477991972975017 0.8070391923884546 0.01941276389225921
0.29706049830805786 0.8962475582878617 0.5857740585774059
0.35690849852724044 0.802182224194496 0.6076923076923078
0.4363832698193757 0.9045854217320471 0.03250270855904654
0.32161780897520087 0.7690986643892945 0.09157509157509158
0.29153243327762957 0.8751315846225312 0.4662004662004661
0.4626977237240888 0.8692397556206449 0.4230769230769231
0.46318779593264037 0.6992637419318968 0.5874125874125874
0.6386952089581626 0.7892296126663692 0.7352486870559158
1.0 0.8253716229461209 0.06993006993006987
0.9140792375544823 0.6682863729684643 0.8444552293132733
0.3471194301466978 0.729598174656637 0.2845100105374077
0.9127150864051443 0.9367384992184165 0.22672064777327935
0.8190346411863444 0.841697484471221 0.1087801087801088
0.3840678798185993 0.8810731573281548 0.45503791982665226
0.7039802281521056 0.8794741860782042 0.3520857252200535
0.7088808959614081 0.801181925774416 0.044336067390822353
0.2689037992756985 0.8377189957325953 0.37762237762237766
0.6820177110946338 0.8323576662984099 0.29640084685956236
0.8552538627940577 0.858516387791429 0.16641195449142468
0.44877892662246294 0.8106799960358144 0.015860428231562196
0.5661484808208517 0.8583190841836665 0.017683465959328005
0.44567068973780405 0.9373288298682243 0.6993006993006994
0.8567118415139241 0.6675427562137646 0.6238145416227607
0.4284207387412944 0.8839004582527598 0.012679628064243404
1.0 0.7162335691923067 0.688078637558578
0.8381718778225784 0.8179193544533018 0.07478632478632485
0.997127035502183 0.7944553328142114 0.019474196689386495
0.7174106073370824 0.6335460976260405 0.9429280397022333
0.5488921205630839 0.9395641876325448 0.054945054945054916
1.0 0.7761832940447033 0.5714285714285714
0.8690085292937323 0.698081885840012 0.7357859531772575
0.6403686003231321 0.7201312855811121 0.05016722408026761
0.5145309933925322 0.9526521402983937 0.5267558528428093
0.4283007729091877 0.9488951995657967 0.7652033830044301
0.25390978423503513 0.838583117816627 0.811965811965812
1.0 0.7015197822854646 0.3952011291460833
1.0 0.8340197316927942 0.3619909502262444
1.0 0.7972704388633745 0.0
0.667839507475683 0.5844237674916086 0.9935125115848006
0.6208456395328757 0.8699999036767053 0.5638982531412811
0.3442854441642405 0.8817798653544532 0.3978300180831827
0.5261114269884765 0.8883536154643736 0.5979173664763184
0.9056791692393993 0.8527764712862298 0.06374840628984267
0.6420548353800735 0.7996808596895895 0.39975772259236825
0.8324341832619091 0.8081775128876509 0.32883147386964184
0.5955310396057079 0.8207792793784551 0.635959784895955
0.5241161839366383 0.7753043378359727 0.3846153846153846
0.6879855002516938 0.7281463021096618 0.5078125
0.7304327734440524 0.7374044127334461 0.728744939271255
1.0 0.825827258004689 0.231822971548999
