T:1607427109.0142798
~~~
T:1607427113.145474
0.2884975498355626 0.8019915339012236 0.07692307692307698
0.44572567798359053 0.7803383761195695 0.4438393464942137
0.2703855099573281 0.7350264765877311 0.024038461538461536
0.3562960520274609 0.8092143784590429 0.5787646006524255
0.4407125148324616 0.78516462957849 0.6266612968183649
0.290956619715659 0.8568719856288087 0.6309819213045019
0.284020690393467 0.6726924016455903 0.7801418439716312
0.33343283229385506 0.7479990367548908 0.34536891679748827
0.18902748843362246 0.7581310790193463 0.0
0.4066107416527706 0.8168078906666737 0.41327822956939064
0.4092563905610017 0.7875908030304732 0.3992210321324246
0.6587152629283681 0.8517254107054782 0.37414965986394555
0.29261995470219715 0.8109201369141265 0.7902097902097902
0.28779091836315324 0.7602619051909818 0.3196803196803196
0.40366520830933555 0.7170254971660392 0.11133603238866388
0.36748193211409197 0.78675650538541 0.5923076923076923
0.7497422738690704 0.8671209378667764 0.588235294117647
0.3131165471259017 0.9027657709514437 0.4282315622521808
0.4776532613250934 0.6923456598488744 0.0904977375565611
0.4391598703571394 0.9070698892273169 0.1605351170568561
0.22003623218658566 0.8180747572302266 0.43438914027149317
0.4429007174960651 0.7898277923790022 0.7608922243068584
0.27109132402045943 0.7808695323815257 0.68099242188311
0.40613321080253784 0.6673704854576527 0.6450982308669729
0.5182666800829914 0.842076755454985 0.6157857787583992
0.3332347348508301 0.8016086535388314 0.03344481605351168
0.24544595467554092 0.7413296810490284 0.8518327310273618
0.46655571803074053 0.8097693699241144 0.6386066763425254
0.5022354179527276 0.7885487431092628 0.019230769230769162
1.0 0.7336885058307855 0.11721611721611713
0.7857679222092313 0.7249319915761498 0.030165912518853758
0.37597438437928754 0.8512243474914508 0.5602489995553579
0.28756902395448314 0.8113054646891558 0.16949152542372886
0.7313463459998996 0.816959956594045 0.3095684803001875
0.5343052055307449 0.7755162362835322 0.4311611954924057
0.3634136620667607 0.8859734568909963 0.16289592760180988
0.8144931305803792 0.8001304262050949 0.06153846153846159
0.3416940937389387 0.7069137764175861 0.9275201332963066
0.488327637197861 0.8997363613437751 0.7010710808179162
0.5804164235515158 0.6977833580986065 0.23699538059851374
0.42930690006157946 0.7476470817851814 0.8097165991902835
0.48478838817868275 0.9224813554892572 0.2937062937062937
0.22427747227446956 0.8453290906572989 0.6956521739130436
0.5232507909442752 0.6097316001969979 0.7121500407719488
0.7132683072401456 0.7888813058163323 0.7398334149926507
0.3892004961714036 0.7733655921806736 0.5960531614981877
0.49106863762712694 0.6482363795515654 0.7772715089788261
1.0 0.7704492212929521 0.6361570918532943
0.7049523528980366 0.7803806594099 0.2789518174133559
0.7670484603645044 0.8598530568994702 0.2324294410625345
0.3286518183101396 0.8194080705754362 0.7219204485719292
0.2328498951251789 0.9268271525532278 0.5322639445862195
1.0 0.7325638175365122 0.2626641651031896
1.0 0.7985317304614581 0.017416545718432506
0.5915785267399686 0.7765201007890764 0.7345286292654712
0.42628529806917587 0.823120058237624 0.4558404558404558
1.0 0.8400395472527543 0.3483309143686501
0.5344364785428316 0.8121672743878234 0.1273885350318471
0.5316554437709347 0.7351366908873138 0.08097165991902842
0.7635836154747223 0.7714378616837575 0.43171114599686033
1.0 0.6581424220129792 0.719150641025641
1.0 0.8644728775086844 0.544378698224852
1.0 0.7376117751755447 0.46796146199724725
0.5316784551878556 0.8294907849708173 0.7269653423499577
0.34133246170215314 0.938748614930453 0.7052804677507765
0.6853991000147245 0.7569080337815391 0.0
1.0 0.847296908383778 0.5672105672105673
0.483564011027529 0.942991461425486 0.2906770648706132
0.796448242331492 0.7797504454290641 0.3016591251885369
1.0 0.8061265212739158 0.4513888888888889
0.6638771064802348 0.9694328632661756 0.07889546351084818
0.5700160575486475 0.9065894624716234 0.2714932126696833
0.535399844533872 0.8568325462088766 0.8509439278670048
0.36335986417421 0.8667608381905403 0.0707338638373122
1.0 0.7544746582886517 0.8284023668639052
0.5868158259285072 0.84953757235511 0.22471910112359553
0.4812978649288587 0.6870631039861554 0.8410256410256409
