T:1607428124.878331
~~~
T:1607428130.511874
0.7896953592799227 0.8716433504122352 0.32909698996655523
1.0 0.7911730875685529 0.056457304163726185
0.35730124216583375 0.7579331375140674 0.43603455368161254
0.9736139103761822 0.7887729870169065 0.4558404558404558
0.7091405511457923 0.8731023404844638 0.1900663439124978
0.6063308963644255 0.8449539876512352 0.08638420403126286
0.7121311169540202 0.7895572655543701 0.6641349465689306
1.0 0.6606722193465119 0.3861852433281005
0.7343477926423735 0.6920835995309622 0.5834683954619124
1.0 0.8014257336383016 0.0778388278388279
0.2622325332450226 0.7608126073148644 0.03536693191865601
0.534868365466785 0.7064179006566051 0.5635062611806797
0.7296218444721749 0.8402087694924054 0.017482517482517466
1.0 0.8076438165472309 0.064935064935065
0.5291679870542649 0.6390425132145926 0.46788263283108644
0.33487588306031496 0.8264180706847231 0.22767929744673931
0.4624176433825341 0.8669124710098604 0.27870680044593094
0.6995890544177317 0.8110241390217119 0.527065527065527
0.5260479486416265 0.8083114214024038 0.1972386587771203
0.3182628190614918 0.7617862170475604 0.46426945835229855
0.8334530954287467 0.8848333407908902 0.26315789473684204
0.7689160865921937 0.8099239245452514 0.060569351907934645
0.38440396081613465 0.7672204827795246 0.13753398368782976
0.6065415503663799 0.9123086465301784 0.5477245267821185
0.45785061033014934 0.793096185774973 0.2124108632984373
0.6767532077306195 0.8768185897563814 0.1915097350781998
0.4642142238791775 0.7235295615139403 0.3569230769230769
1.0 0.8892332349212513 0.5328005328005329
1.0 0.8705015623314211 0.20287404902789513
0.26730266688870497 0.7341742222951053 0.34188034188034183
0.6745885747629043 0.8401555967994122 0.1801801801801802
0.6976299172266182 0.9153164340130276 0.04807692307692307
0.63176079989536 0.9045374286763959 0.7203498842294829
0.872114286892781 0.7992856149990124 0.1557935735150925
0.7906428536309318 0.818079801215326 0.03284971256501512
0.495346859013681 0.7973122295625222 0.31830238726790444
0.285181898079046 0.8338299965571659 0.5424305424305425
0.5289515682858591 0.8477757323262569 0.29674445404782485
0.44980100527198985 0.7447095187613928 0.6636500754147813
0.892370264132419 0.6668330351274608 0.6425339366515836
0.40290304162454277 0.7599784540929078 0.6613296206056387
0.3158303788067724 0.863047791513517 0.625
0.7587656650516839 0.6097989465525933 0.6947890818858561
0.42099109278508606 0.8087510715338173 0.013986013986013904
0.6330912825065884 0.752477198336019 0.7542651900628554
0.7146416681396411 0.7905814342336802 0.13001083423618634
0.3567681618027318 0.7440493309389551 0.0
0.27203416897097454 0.7526697281140777 0.3076923076923076
0.2871322867407245 0.8651561250836731 0.2781399391568883
1.0 0.8691605355667603 0.6494008504058756
0.8428439885484759 0.7256798335582585 0.582995951417004
0.809581302711789 0.8730470254320443 0.5447743745616086
0.38692085710650104 0.833260061028167 0.09224180530390381
0.35684272040153436 0.836632402303351 0.6417112299465241
0.8373574409741756 0.9059988420212185 0.15109890109890106
0.685519549162187 0.7829260142223199 0.7051282051282052
0.3721410925983709 0.8027294538699157 0.39651070578905623
0.332486017101386 0.8023982897405777 0.5517241379310346
0.968246901885988 0.8319408853197706 0.5962555962555962
0.7350827978180251 0.6984956702081763 0.39329091960670903
0.3351762387496783 0.8232137117291877 0.0
0.4168867578770295 0.7688461791172262 0.45516613563950836
0.7818962565304771 0.839221359601893 0.753315649867374
0.853558363130209 0.8126259981708315 0.4178537511870845
0.8170160778818788 0.6920578351893297 0.40534315983417774
0.889752905302613 0.7882603575036868 0.1236263736263737
0.6379210313538968 0.8475986314271702 0.017683465959328005
0.6075617552089095 0.804543761744382 0.8402366863905326
1.0 0.8538513579311985 0.0
0.7651782353059927 0.8312765849165928 0.5736636245110821
1.0 0.9100742104386831 0.06957866254348662
0.6514136647484488 0.8003236089552804 0.28122415219189406
0.6347117340340632 0.8758280801891714 0.37523452157598497
0.5048070226479221 0.6746682952026297 0.8239316239316239
0.38035299054556554 0.8201123603354349 0.5988642230252968
0.7864966350500523 0.7810961870023576 0.02262443438914019
0.8726942431737659 0.8557116187470433 0.005286809410520732
0.5149716560906897 0.896853684461399 0.5204745503252965
