T:1607232714.1510458
~~~
T:1607232723.2089221
1.0 0.9070789363171612 0.022216051096917495
0.8546466663489471 0.8210901282199345 0.020110608345902392
1.0 0.9064610733694339 0.0163666121112929
1.0 0.869146298309179 0.004837929366231251
1.0 0.7928805080642383 0.6030150753768845
0.7259140403831345 0.9215341698629619 0.5436971405557792
0.7130707621242559 0.7120791090850822 0.044984255510571385
0.466769862379836 0.8549384314063802 0.22869022869022873
0.4980204049606983 0.7142655232988041 0.30131159163417226
0.9337101265576928 0.8818364687975077 0.3692307692307692
1.0 0.8340063050425703 0.6904906117504542
1.0 0.8189608733934811 0.15734265734265737
0.7678578816898239 0.8066307141874949 0.3548212351029252
1.0 0.6978323342929015 0.7769488037046565
0.35845589080203655 0.7252666675816943 0.4725992961287079
0.983891372321746 0.9213490329191901 0.34669555796316365
1.0 0.8315477498462731 0.6862525229872167
0.8607183358591932 0.7919127676678446 0.05728314238952541
1.0 0.9478574089551497 0.005027652086475598
0.5723513149268155 0.7371787750231993 0.4940828402366863
0.6918248490409472 0.796307503608512 0.34728984096072707
0.8265677286839626 0.7689231320941605 0.7663711752931084
0.8172212588087552 0.9557125804984747 0.2771141901576684
0.613616579522362 0.7494941452976293 0.06353528477422286
1.0 0.7821335509090916 0.0
0.5603544175851897 0.6513397939474573 0.9338047055955139
1.0 0.8871442257757557 0.01575216592281445
0.928033162383269 0.7717499174545593 0.02159244264507429
0.4956697136991619 0.8224007778746615 0.23147494707127736
0.7151660079414163 0.7933755376713005 0.44770044770044776
1.0 0.5778006443119782 1.0
0.7572039458110054 0.852114994256072 0.2905368013281683
0.7240431558323063 0.8124697850833732 0.30040964952207555
1.0 0.8034734524913498 0.7357001972386586
0.5466319133189728 0.7773935213778792 0.6622973439116937
0.699004547384714 0.8054669719754362 0.017482517482517466
0.7681373435903277 0.6762497642137949 0.885001286339079
0.9251834904954263 0.8893682977884864 0.7391185327128388
0.5499219792963909 0.7738056919900183 0.6593406593406593
0.8992649470589467 0.7366497749374397 0.7662607662607662
1.0 0.8879256771282634 0.6663809727876581
0.6655399543693948 0.7688566892685077 0.7910242957462265
0.7237039885016368 0.8359061867610568 0.6481178396072014
0.6961810385551845 0.822546127934212 0.11648925487045599
1.0 0.7785306816674322 0.16337644656228734
0.38737433795465986 0.7740278302674073 0.6097128677773838
1.0 0.7381337522883094 0.4361617763679619
0.5654189845649494 0.6602450813225209 0.6357927786499215
1.0 0.78249236115656 0.6388526727509778
1.0 0.9340197293112596 0.12688342585249807
0.667490176324067 0.7940523714702932 0.6120937885643767
0.46093914563707505 0.8698067523301163 0.10006253908692936
0.5935157362473589 0.8091851739446732 0.0
0.5190528193761614 0.7259724038624874 0.051813471502590684
0.8990856373414884 0.849797524332954 0.08522090154743213
0.4962863001011645 0.8815198914102469 0.6424344885883346
0.9530965057541848 0.7954099391239081 0.5437302423603794
0.7569101309361401 0.8431457353101091 0.7852564102564104
1.0 0.8192626139571962 0.07780725022104336
0.9804617298900308 0.8956126474288854 0.6405107609926887
0.21621597674951956 0.8682669670385066 0.38266302225693083
0.6683241772409346 0.7957044624826513 0.0
1.0 0.7037173243069104 0.9097878865320725
0.6267702946085999 0.779291685430468 0.3935599284436494
0.6689284810871127 0.853432165474399 0.37401820221917464
0.843615316478519 0.8208048021655419 0.019980019980019987
0.47629185943966384 0.6697035622756029 0.6378986866791745
0.4148041126156435 0.683258733340022 0.8402366863905326
0.3778039096309641 0.9014620867885853 0.7070208353905401
1.0 0.8213491797759501 0.6830238726790451
0.8716323481629061 0.9531108856996898 0.05071851225697378
0.9023773004061472 0.8598435856524803 0.3468351294438251
0.4903752443136778 0.8940516858487074 0.7957559681697611
0.2846140868143678 0.8311117116731366 0.4540833615723483
0.9507856007380661 0.8490167634579632 0.3623931623931623
1.0 0.9176541666847847 0.6727509778357236
1.0 0.7582084377919569 0.8570816370259268
