T:1607236267.9144452
~~~
T:1607236279.068704
0.372613085136433 0.8239428629806378 0.40067288576234894
0.3475323992601795 0.8843278585563207 0.7488087134104833
0.26802451739601263 0.8857560561445467 0.20849786763544464
0.5015901200796622 0.8272455395405509 0.8123940188068445
0.48884879162200395 0.9349078420348109 0.5178764897074756
0.7947031134854541 0.8937562005997663 0.11800699300699294
0.28622223382320283 0.8220894986473958 0.578077384800074
0.5389517548605588 0.9470768457383975 0.06033182503770734
0.4784225604578681 0.8229391100707457 0.7044740973312402
0.3476932541102931 0.886821487140257 0.43574922187638954
0.4279164784124768 0.9309546240310109 0.7249295207410391
0.33488695739384844 0.8879458724245385 0.04303388918773542
0.3821992051974675 0.8976701331365351 0.45936395759717313
0.39783066130011785 0.8119587386036186 0.3311965811965812
0.43558231466414193 0.9041654427103532 0.7724225981487391
0.3473991291380303 0.9035988914331433 0.6623931623931624
0.7128568993693328 0.9068460377713989 0.2217602217602217
0.44239008525435103 0.8589122734733884 0.49157942649066905
0.3316484001808109 0.8554567391538461 0.07163568139177888
0.46399645428461433 0.7997479339183088 0.06302131603336429
0.4935415392375903 0.6014483815099492 0.9837522213759838
0.4466483271759122 0.8702527314856412 0.04133180252583246
0.33624820801634375 0.9029487927731012 0.6859047451977897
0.4858627647095621 0.8485969757527159 0.8084272415482606
0.3796492696328332 0.8856190650013324 0.04884004884004883
0.6362521523958098 0.8458058736202995 0.25734265734265727
0.5155980444024066 0.6883020392954227 1.0
0.649500749419665 0.6898139286561751 0.39787798408488056
0.4758188251749677 0.7551665259560281 0.3967292549969715
0.3180411888330724 0.8168963031238021 0.7642031171442936
0.4930138814754847 0.7388074730860082 0.045370179418436817
0.35326894771547707 0.7877745963882609 0.3125
0.5305182481372467 0.755252786986048 0.4538461538461539
0.6263967668063023 0.6916680202253632 0.6398706398706399
0.5698344269428499 0.757630227250155 0.6617238183503242
0.305102884729105 0.8096720997812434 0.39975772259236825
0.429949798573935 0.8270960924977458 0.49203049203049193
0.9999120483950714 0.6652251387153851 1.0
0.46942050659700746 0.8769403139355145 0.34922133081642287
0.5371496236486254 0.8419387325943195 0.3874643874643875
1.0 0.8088101385639489 0.7987840918686143
0.775227557342787 0.7343189785235691 0.622186655996799
0.9625687706205902 0.8210812684675945 0.726153846153846
0.3238585345905401 0.7797331638455047 0.32967032967032966
0.7486544695638355 0.9035562399754002 0.14752370916754487
0.42236389317014084 0.8069413006535907 0.36300777873811585
0.6914950688774357 0.6219813546436764 0.956043956043956
1.0 0.7991228509640356 0.6084798791671162
0.3397723658061414 0.821199876565686 0.1295546558704454
0.8443423059162396 0.8691524800470768 0.18928715263793805
0.6299583444893941 0.8503977708568307 0.6811088672663852
1.0 0.7526148523645813 0.06507088078085053
1.0 0.868510231255192 0.33356024506466986
1.0 0.8152927766548795 0.5364193328795098
0.39477792414244983 0.824697611562055 0.6973400431344356
0.38587171419801364 0.8111483416997336 0.27567807914628717
0.4993634063044649 0.7145275742662849 0.6088029617441383
0.9999579769324722 0.8217046529216564 0.20892687559354234
0.5568682631812837 0.8112028749928651 0.6470966359545746
0.7708308437794785 0.9066091600456829 0.13151858082275575
0.8350230940952216 0.8770219836533893 0.293040293040293
0.7380853627606557 0.6713696757493537 0.8875739644970413
0.9799248852955286 0.8149962735724434 0.010610079575596837
0.7566283776454396 0.6979179852505504 0.6882591093117408
1.0 0.9890553966288158 0.14128728414442698
1.0 0.7104375819330347 0.5675877520537713
1.0 0.8334947721349191 0.5547535574345226
0.4474159510050737 0.7112770555164721 0.31999999999999995
0.5074448686024645 0.7530700323877724 0.6817496229260934
1.0 0.8533850652656274 0.3448275862068965
0.8682346470730583 0.8315576055460325 0.09526077637532752
1.0 0.8871579796750227 0.62015503875969
0.4168285797736872 0.7594833002401228 0.0
0.43127631264648875 0.7702754008508371 0.5654885654885655
1.0 0.9428285166039131 0.7660122304473769
0.5618232676412951 0.7119333210675104 0.3846153846153846
0.5413170756139912 0.7980939114490196 0.04354136429608126
