T:1607426765.2434711
~~~
T:1607426767.8016691
0.8239583575840206 0.6598049221903778 0.9324452901998097
0.6056357929866341 0.8622844350931347 0.11671087533156504
0.3605292271706872 0.9162213482716193 0.5842259006815969
0.6129020139938797 0.8338367771505572 0.5249726576740794
0.41447301449351714 0.7105269189830864 0.6971762414800389
0.8438494058230332 0.8261644644904538 0.7463979214235099
0.6922092380243376 0.856897318709074 0.21894613924974457
0.6990951652017754 0.7166752230332003 0.8109719737626715
0.9290758264177683 0.8311331257945738 0.04923076923076927
0.4763815142150679 0.9641691881520293 0.0
