T:1607427130.5107799
~~~
T:1607427137.66787
0.23575636943142103 0.8269292123035591 0.4158004158004158
0.32582117637248875 0.8741159390504014 0.6666666666666666
0.46743853042782024 0.7225799187519422 0.15246015246015243
0.5784647794392981 0.8074781546792396 0.0
0.520610281151551 0.7813817419300495 0.7692307692307692
0.3835500966737435 0.7789307420469236 0.7983553195134486
0.4009707508813374 0.7722281803310314 0.8842866535174226
0.6282817786626106 0.7946743761928302 0.6828240252897786
0.3161061804713589 0.8939900862798802 0.7045895281189399
0.34588182958343616 0.8070802229816461 0.6612191227575843
0.5578866154760692 0.7464901185852979 0.0896191187453323
0.7543773173559934 0.8563443195030561 0.45503791982665226
0.6191785239233857 0.8847302000892999 0.2383979656706929
0.6118883653813387 0.661100432785964 0.8520465042204172
0.5653290571233652 0.7708314020707917 0.21257431093496673
0.4052686104336818 0.7669735553444563 0.6618287373004355
0.34780152809962145 0.6471720485418238 0.8249721293199553
0.4663795435308988 0.8312753770677062 0.2434488588334742
0.24684484839314713 0.8973515875303041 0.631163708086785
0.5217437541105142 0.7264380308756894 0.00485319097306476
0.6812333849778114 0.8356255270614931 0.4631927212572373
0.3669941561130019 0.811657728936775 0.4106650321789764
0.9239319028644152 0.725029286589044 0.12406947890818865
0.30950496467654565 0.8208147006966459 0.7081807081807082
0.792763621708046 0.7939377743371318 0.5904365904365904
0.33766794262819533 0.6876562600898423 0.1658718639850715
0.4329308635493393 0.774705991672874 0.4690431519699813
0.29442094728078344 0.819765783230631 0.10769230769230762
0.5799676646426394 0.8416836275849898 0.41808990299221205
0.7540951606059911 0.8790562535935456 0.1336222462983027
0.4271883070485433 0.8653749440895279 0.3695324283559578
1.0 0.7844403860564084 0.029504741833509006
0.6718059345518403 0.9613820016748034 0.7157190635451505
0.7477836160328553 0.9038996474058808 0.2800197661011366
0.7313154745259784 0.9199681865681089 0.20555644772763776
0.5850118228771367 0.8116691479381699 0.589590050667895
0.43092754810079276 0.9021241757312427 0.17482517482517484
0.7679019393963138 0.8451231801214124 0.7252510165131525
0.9374962791162457 0.8825403276440612 0.49527455437253254
0.6251643962071666 0.8296021582070752 0.1391941391941392
1.0 0.8141168191296647 0.1814401814401814
1.0 0.7815716699611572 0.0667189952904239
1.0 0.8063711272432215 0.006688963210702302
0.8381857405189178 0.8502304668406615 0.09454232917920068
1.0 0.8623214917802111 0.6157436495826227
1.0 0.8245792118682873 0.7591933570581256
0.5744586966165623 0.851539843080203 0.45703250724171235
0.6222528236363043 0.9451295275701447 0.10733452593917713
0.33939670664172794 0.8205750736997862 0.044534412955465556
0.48460541198641294 0.800694108486527 0.4624277456647398
0.407525015382804 0.8749771206618188 0.0896191187453323
0.7027842855541786 0.9087490597903171 0.020110608345902392
0.5752949838402557 0.9034811122122689 0.20287404902789513
1.0 0.7976562797763757 0.019474196689386495
0.7384311879540927 0.8061160882745353 0.10781671159029649
0.665306335651652 0.6231760267580654 0.8984757999821731
0.506347146451925 0.9345458580648183 0.68561872909699
1.0 0.8935940658324132 0.48780487804878037
0.743084296749485 0.8490396296214018 0.8078679311556024
0.7633298317591094 0.8213999169634495 0.32040248907718794
0.342279466738142 0.9019584032758345 0.13043478260869557
0.35705703133334515 0.7508068060481583 0.4932675643247566
0.6798307617264614 0.9132039414159544 0.48319088319088316
1.0 0.823028306778199 0.18681318681318682
0.40187310672778487 0.8195884184679934 0.38553332109418026
0.6478568798310322 0.8861906473093146 0.42914979757085014
0.5342477256185573 0.8526472965229303 0.12565124118908985
1.0 0.8840045970415106 0.35562427522226514
0.520362373796223 0.8907927524950938 0.12092710782667108
1.0 0.8434107217087461 0.0
0.6426324008205517 0.8045442446963313 0.5876273438653478
0.8321471594337373 0.8352452766162468 0.6417582417582417
0.9875459461151608 0.8728524233853574 0.14913657770800637
0.6346034938017084 0.8263621064479489 0.20731042007637748
0.6771521322001784 0.810759802627107 0.6293706293706293
1.0 0.8477558091542631 0.6973581973581974
0.7648035894158104 0.9314848282217495 0.05351170568561876
