T:1607428041.092274
~~~
T:1607428045.9998431
0.6644912921564712 0.8636533853291944 0.42376784891754943
0.3785058935193556 0.8358437716632108 0.5453805453805454
1.0 0.7693431934454585 0.02930402930402937
0.2885762853259594 0.7888473801873406 0.5893608878683506
0.4103492083211522 0.8174720623729856 0.5340773216420884
0.33058891561177034 0.8224106109408269 0.17582417582417587
0.4496645256079559 0.7986553002305143 0.24506466984343095
0.4144219888488347 0.8166472055253957 0.4874960430515986
0.6688108705738717 0.8411402536155628 0.7318894697535474
1.0 0.7986527112468025 0.047581284694686754
0.654077991618899 0.9080534876853088 0.018761726078799265
0.5497978888910768 0.8258052318040952 0.35013262599469497
0.4010948394142755 0.6892415439640383 0.6348862405200433
0.41513964421463534 0.8308533981339937 0.19692307692307692
0.8778126344758767 0.8726397083265431 0.7482789583956899
0.7077656822299595 0.8569937584812296 0.5006827492034592
0.4204733144784163 0.9196661630885367 0.46248230297310056
0.27337849862403285 0.9006224811371134 0.09768009768009767
0.6500783249268807 0.7975594236729137 0.37919826652221017
0.567772050624775 0.972851303928485 0.771838331160365
0.651537656175423 0.9126020121948301 0.3791469194312796
0.31795811470029245 0.8452005453331822 0.6359781950333132
1.0 0.8019748976635283 0.3470715835140998
0.923455694078945 0.6627618792503989 0.6235174517112844
0.6687276043285613 0.6300442253801773 0.7279549718574109
0.3764672850988473 0.8019234674597662 0.6720647773279352
0.9689988318434102 0.8671851961042748 0.0
0.7862964183117475 0.8168612984504076 0.16666666666666657
0.7523850791770642 0.8876836722073531 0.1792382374906646
0.2799997906735925 0.6812517415971597 0.5176813707619395
0.9477109398003227 0.8301233280864242 0.6051768137076193
0.42612121559293936 0.8356998125201556 0.7779390420899854
0.30411329393401476 0.7279686442570117 0.46102046102046096
0.2064625739340553 0.746343267018116 0.4097410127560882
0.8120189996845291 0.7547208778024627 0.012928248222365823
1.0 0.7658551727099471 0.22905134567665578
0.4498865228893229 0.9436002028245569 0.011481056257175692
1.0 0.8436238343166064 0.020110608345902392
0.6592399673441095 0.8111301190978347 0.6754665452890304
0.7566934805321418 0.6712248076875226 0.8887298747763864
1.0 0.6790603267827303 0.9181607865818391
0.5951236731757575 0.7972524718934165 0.5401709401709403
0.6261422893205869 0.9168012293663784 0.1966454598033546
1.0 0.8877574252676351 0.2755046372067649
0.7695449373722827 0.6753023599486843 0.8488063660477453
0.3040315003659359 0.9071296430108245 0.3744939271255061
1.0 0.8610368089658408 0.06617038875103386
0.7567538642091707 0.9401896356609546 0.6075306075306076
0.3528049724092652 0.8158408520189712 0.2765773552290406
0.7172699916712532 0.660574406919964 0.9413815646110262
0.6541257934793073 0.8736815534939305 0.09642778873548098
0.5816759317272365 0.8504519347069682 0.7222824124232575
1.0 0.812187755851695 0.04273504273504275
0.6445063776059788 0.9079771708481242 0.02958579881656811
0.430917983543756 0.7109286251331829 0.6030150753768845
0.8597053434515837 0.8055675793029873 0.2424749163879599
0.280384382173099 0.8881204829065658 0.1288366805608185
0.28585332953974857 0.9917883771611137 0.061050061050061
0.47865941801438 0.8571597515913172 0.8077937893241323
0.8113519485398806 0.9478300358930872 0.6497737556561086
0.4380078316468984 0.8304352334164165 0.44959606603442215
1.0 0.5683218039812671 0.8624195188071841
0.6843950880936903 0.6133660970472299 0.38936372269705605
0.8722378643366301 0.9241618640378934 0.5648457822370865
0.8932144267839965 0.7938010932872824 0.6623931623931624
1.0 0.8552408911499205 0.11396011396011395
0.4990806629275463 0.7284975110896591 0.032967032967033016
1.0 0.910682140322432 0.5106475445458496
0.7980369530588234 0.7175177209592207 0.37809647979139505
0.9854989372808985 0.6188688951166016 1.0
0.3465100359051408 0.6413889349063956 0.6893557909359264
0.3643980597344681 0.7318818669952146 0.2985598876009834
0.48139945783068977 0.7176446887397014 0.7746100053792362
1.0 0.9080945779145949 0.5961817572848052
0.3555146022210548 0.8971108928320658 0.5613305613305614
0.5976704057457062 0.7776787304606712 0.5769230769230769
0.7995521765997095 0.6598795118297787 0.9677957617220089
