T:1605620808.95
~~~
T:1605620817.19
1.0 0.886137893445 0.0
1.0 0.659664044521 0.776699029126
1.0 0.688578371298 0.351233671988
1.0 0.897910213639 0.61406404754
0.782032585971 0.642734174303 0.685179274391
0.693019657576 0.619055752654 1.0
1.0 0.893159733706 0.46431046431
0.390971310788 0.764082204755 0.370486656201
1.0 0.681706173246 0.785000876117
0.813919557548 0.850404811725 0.369545275849
0.448891749108 0.836015258194 0.308273956667
0.518807415013 0.714470697618 0.826099970069
1.0 0.899503661667 0.555555555556
0.629480862763 0.897599678248 0.0528983910073
0.77545876811 0.786077068644 0.0237416904084
1.0 0.600441535569 0.870066263325
0.899858533124 0.719016150387 0.510938602682
0.68185606109 0.968887398993 0.716180371353
0.816832094616 0.932103230683 0.518889394629
1.0 0.817510369869 0.530726256983
1.0 0.862573568199 0.491488544733
0.666756323423 0.707510459068 0.158311345646
0.838799187402 0.749263622718 0.419069047954
0.594315951725 0.808090279104 0.440581090736
1.0 0.826058299098 0.350535540409
0.775261402485 0.768850687726 0.00603318250377
0.722532578127 0.660326727263 0.499925606309
0.878265213125 0.833650072447 0.490129339687
0.805730535765 0.839002954735 0.293522267206
0.524869958912 0.832588911311 0.708119119216
1.0 0.861488500144 0.344375818828
0.885958339551 0.80674111515 0.621082621083
0.521300013938 0.873887874299 0.49896049896
0.664217335258 0.922930826825 0.21263289556
1.0 0.916094625295 0.708791208791
0.705101677528 0.861625330414 0.664767331434
0.488616057047 0.908221099634 0.572726375037
0.344043006173 0.809792378599 0.238213399504
1.0 0.876984208553 0.264423076923
0.683727412462 0.72047225674 0.738213399504
0.516209527578 0.925005262141 0.029304029304
1.0 0.924557215368 0.700382490438
0.632311059107 0.814656125175 0.469457013575
0.35695979283 0.804604285182 0.254837187353
0.510254620647 0.848339317457 0.628302994715
1.0 0.868134385883 0.728055399588
0.48148386414 0.850962767258 0.344827586207
0.232282898522 0.779085182603 0.0
0.727293285009 0.782023299506 0.126291618829
1.0 0.935460422203 0.0932400932401
0.571742746906 0.88012265496 0.195804195804
0.485064999394 0.835239226253 0.0623700623701
0.40554773026 0.978407563 0.548724723097
1.0 0.92227622821 0.067071892685
1.0 0.896885925304 0.448043184885
0.49352138009 0.859340329068 0.358238252975
0.860111564352 0.916510635555 0.591034864416
0.323294646837 0.894532938829 0.420393559928
0.35708162864 0.78377941577 0.528599605523
0.279302150702 0.868441437905 0.639827462257
0.72452154624 0.867279261946 0.851197982346
0.636448518855 0.852844144938 0.540598290598
0.294702274099 0.930132067984 0.489188231124
0.305156156543 0.884553850553 0.566100566101
0.351038727556 0.841951152644 0.644910644911
0.692422713145 0.837002856244 0.8807549328
0.349087261605 0.818084647265 0.271134805788
0.316698908268 0.809011520103 0.13897866839
0.640880174979 0.802013521183 0.564471499723
0.543187728077 0.848932547928 0.118343195266
0.426071125572 0.849767144306 0.512087912088
0.471116441091 0.878201025886 0.57525083612
0.542629906681 0.830605252278 0.709600477042
0.646522232113 0.759326839336 0.336538461538
0.69947014506 0.909716668024 0.622415219189
0.419573295231 0.903803008362 0.201765447667
0.872578185168 0.930943221807 0.75028419856
