T:1607427314.0524411
~~~
T:1607427325.318014
0.2287924022438383 0.7261139499109424 0.34767492394611044
0.847025575614198 0.7717580581526668 0.4410429368270852
0.6555905166483141 0.7914089511788561 0.7879096620818474
0.32240480527688437 0.8319927548611572 0.16211745244003303
0.7709764502702648 0.721152211459779 0.013262599469495961
0.23316814461411145 0.7899910429819738 0.6651434374206652
0.3377589008798963 0.9023369312212665 0.5054945054945056
0.6492194149689072 0.8334431123539368 0.11307178345040264
0.3335267373810688 0.8280898097507375 0.15091175854118632
0.3451451425097444 0.8070391180008762 0.42034468263976454
0.46409544438683786 0.7396768736874013 0.0
0.6664804302953344 0.5891045887688628 0.9589743589743589
0.2511971012991153 0.8269886279924672 0.21127808361850908
0.31041164664716 0.767319904185573 0.08684863523573193
0.7614249345288854 0.749947489326398 0.5731523378582202
0.3995405366821925 0.7984094468150443 0.31206116398814177
0.5542349678273848 0.7646894569237771 0.0
1.0 0.7656295810321152 0.40931545518701473
0.6379490267154946 0.7869839243592623 0.5895244356782818
0.27456924265706295 0.8062234519517141 0.5906793935991016
0.4344558654025213 0.7535527132315604 0.54253693326541
0.3907659458077493 0.8053585256853278 0.0355029585798817
0.4489746810064644 0.7900393639377103 0.7701389519571338
0.5862267705602648 0.7919261217528833 0.4070260448213204
0.3257557496300321 0.8371025451383771 0.36963036963036966
0.7694643536133681 0.8617187767903609 0.5789657989961481
0.3179588546381045 0.8581064928744153 0.23127199597787834
0.5095946005466655 0.8332776863081537 0.4293381037567085
0.37243012933614184 0.8246061970761842 0.5914325195762322
0.497440068958082 0.7439993396357922 0.008716495968620598
0.3330633986904719 0.8237270235206934 0.6408571717375922
0.5027718082008428 0.8226350451478377 0.4901293396868619
0.48631061351502064 0.8047592737901732 0.2389277389277389
0.7003595329597488 0.8323458871292155 0.540807507099642
0.7162875455231822 0.7896442495773117 0.4558404558404558
0.43158777466571496 0.6404013247695778 1.0
0.46864198494329756 0.790585409259501 0.743891402714932
0.8322826335694026 0.8508284324204913 0.4220341062446326
0.7761197361548812 0.8144066254583555 0.14742014742014736
0.6022434792301403 0.7863392073217297 0.41694154901702063
0.22974187439273197 0.893799047840803 0.3407330924109448
0.4871077585638107 0.8359598016443257 0.03885003885003893
0.30414450078805216 0.9211991657308101 0.7210991511332808
0.6480746201764226 0.6629184077139011 0.685197155785391
0.7089762374436863 0.7580912902544679 0.1277422938072757
0.4583632846214038 0.8680076642585965 0.06430868167202576
0.7936464168356154 0.6885545505563573 0.04127579737335838
0.888071559220146 0.9506079891916323 0.6670884931754496
0.2688925468518848 0.8292034024520395 0.8201674868341535
0.8105716153600002 0.8161501178855692 0.41085620032988457
0.516232745380928 0.8864568907195127 0.7794871794871794
0.559420181035611 0.7673175165294397 0.4961162615885743
1.0 0.8664662003184511 0.5694305694305694
0.5591027404939329 0.8819727655450402 0.3619909502262444
0.7665570727451877 0.9249577832673183 0.7480106100795755
0.8709448091472266 0.8859053396443781 0.5360645020701679
0.7272544065633691 0.8144978042921242 0.17213555675094133
0.24239857037520307 0.8545309464956732 0.16696481812760877
0.7058020266685116 0.8967035778198073 0.45612678778507915
0.6512914318473404 0.7716268836004576 0.21804966686856445
0.3453575952523812 0.7242963814006503 0.7525297180469593
0.38233392290320795 0.8379164124351997 0.6202630891192612
0.4445184149594166 0.808910507583178 0.231822971548999
0.6386872571932367 0.8971365290010817 0.4450293097260438
0.6238706750585674 0.8752302110452095 0.5090497737556562
1.0 0.8187878830258997 0.5326438267614738
0.5690130337898687 0.8498207639046471 0.34188034188034183
0.4157184450261454 0.860966744277164 0.1654638267910579
0.9043951907308824 0.7848156334450618 0.4637600666481532
0.345833429425173 0.8748691567626016 0.2142857142857142
0.7126886173526227 0.8043459113573332 0.5374823196605374
0.5598756089079957 0.7828336363529612 0.7601809954751131
0.31345111012592697 0.7282049727735033 0.6772175193227824
0.5882647786861417 0.8049584301605737 0.6105006105006106
0.6732967277707601 0.768457393306269 0.5558312655086849
0.6002103341769727 0.7976737626781605 0.780448717948718
0.34160818673293986 0.8452660669836118 0.7420814479638008
