T:1605620869.13
~~~
T:1605620876.01
0.28625192243 0.705575743833 0.0
0.318500975688 0.811959901359 0.663288807001
0.280609541224 0.835660383891 0.38029386344
0.321143650051 0.894523206812 0.00992555831266
0.434496917708 0.842053412791 0.0234283483014
1.0 0.892102295009 0.0842992623815
0.524081435211 0.742910697843 0.615384615385
0.390036545669 0.747667259913 0.367682631834
0.392079473943 0.862907358919 0.726051495282
0.576129389637 0.78725102456 0.251382604324
0.28299987148 0.911768040927 0.0100882723834
0.373971356106 0.628160264197 0.922451532208
0.569756555323 0.788240267052 0.796926650585
0.413756171759 0.897022787185 0.662393162393
0.707464796935 0.800386379388 0.363937138131
0.406638613852 0.69049455835 0.915357044389
0.892417677773 0.856222623751 0.218295218295
1.0 0.752130913293 0.236686390533
0.308196941441 0.74069650881 0.0611888111888
0.373841731828 0.790036598727 0.0420057757942
0.879751168519 0.883090943624 0.696430137707
0.70987859423 0.856219483381 0.627763041556
0.359632719552 0.784685206705 0.433125433125
0.265452284368 0.710375517173 0.569485762856
1.0 0.827790020244 0.463056680162
0.982864158489 0.768752296756 0.475297060663
1.0 0.691555030376 0.673596673597
0.97418233654 0.777647944763 0.074527548576
1.0 0.80274910059 0.736832361381
0.446365957063 0.656489059833 0.836120401338
0.854447449587 0.727902418731 0.271728271728
0.554495098362 0.69990297525 0.811444652908
0.324124487718 0.946949937361 0.542060278902
0.35532258286 0.819091717696 0.473701056225
0.712464079709 0.896488886473 0.702224604664
0.626256929782 0.839345806363 0.733300669606
0.716417532828 0.796255837238 0.781156827668
0.615008493969 0.780800713182 0.161943319838
0.562885765864 0.90338700454 0.702341137124
0.182592651524 0.838522269163 0.239520958084
0.424079905797 0.610112008242 1.0
0.61030975834 0.783131306121 0.216346153846
0.522592554053 0.824396236779 0.243407707911
0.463001855099 0.806979735823 0.423004490801
0.612226150321 0.624932793367 0.798044180564
1.0 0.779527727904 0.3885003885
0.595543387538 0.858758671634 0.528266913809
0.603215640236 0.778788218947 0.733173076923
0.41782604294 0.771605648283 0.824363349961
1.0 0.701210435284 0.560818491853
0.617073040032 0.866024897674 0.649038461538
1.0 0.823746580611 0.655463939046
0.720470604856 0.797038197233 0.435222672065
0.738024008097 0.833254099465 0.756702580807
0.453906861194 0.770580409993 0.59379217274
0.355781652943 0.797398147391 0.200273099681
0.600597338599 0.870647218384 0.213286713287
0.895341975862 0.930488886784 0.674599456573
1.0 0.667058515743 0.800590296993
0.291407120234 0.868641056909 0.678089682829
0.818067365219 0.669469458757 0.618060200669
0.247003538879 0.756597343267 0.554228380315
0.627258728412 0.697181818509 0.79686246546
1.0 0.78844793647 0.547184773989
1.0 0.893328831555 0.557630072193
0.902141023222 0.631910731494 0.565723793677
0.667576610269 0.663588066423 0.590520590521
0.240009671304 0.679739165917 0.871649596862
0.22315872098 0.84847765609 0.332431387708
0.275178936484 0.603927426879 1.0
0.711590453749 0.856808533728 0.204768961336
1.0 0.609626257708 0.952052431873
0.714019781137 0.851593544401 0.371935756551
1.0 0.843250981911 0.0596302921884
0.469310572226 0.593399541257 0.934065934066
0.3809996223 0.821874501664 0.813564595162
0.686221601116 0.840021434621 0.57525083612
