T:1607232686.702556
~~~
T:1607232697.868795
0.887172451118574 0.8864618683016863 0.08647090614303721
0.8272408957892811 0.8436114519197346 0.2392489400363415
1.0 0.8680122990158606 0.30492030492030486
1.0 0.8242796263051358 0.2933507170795307
0.8986865264265512 0.8694195791310853 0.49752445356840963
0.9127448069069461 0.8007755228934201 0.5909322465613855
0.7377247331118105 0.8230415866842343 0.023963575365444526
1.0 0.7332509399498915 0.6523433151508404
0.7607505701625932 0.8688326528057927 0.2749236323243543
0.7098930677774242 0.8894500403891273 0.4481404481404481
0.6974437597391101 0.8202914278452647 0.6944444444444443
0.7941765354010584 0.8171835202343601 0.13631937682570597
0.8856260296461089 0.7190800794581096 0.5911788665192598
0.9601110298539999 0.7679222490889525 0.5183688027582927
1.0 0.9051066554910404 0.6316014083004374
0.7802151958864941 0.7958457997102711 0.6989929762206989
0.9876699557868712 0.9216682297490151 0.7209329720815173
0.9640925667854705 0.9263259184354559 0.24506466984343095
1.0 0.8053660280069602 0.8638083228247163
1.0 0.8074444047453436 0.00935234977788161
1.0 0.7741394214720441 0.39960039960039956
0.6687128450743716 0.9184104364937116 0.6999635435654393
0.9297039096040995 0.8416975862100676 0.11701944587850634
1.0 0.8632559242913787 0.6666666666666666
0.6054643339953955 0.8696486458993549 0.020650490449148136
0.9113403953229483 0.8043711284869969 0.415357289247165
0.5480952680375467 0.8293549815059429 0.3320420586607637
0.5239616353308234 0.8078267333009481 0.20165880630996916
1.0 0.8317141743293268 0.6481273828212604
0.3501919180386965 0.9411256348165914 0.05586592178770948
1.0 0.6484655927308065 0.9382754342431762
1.0 0.6849483454819685 0.4265734265734265
0.6303481026098181 0.6765111912655082 0.0
0.5286903922741734 0.6583951736839806 0.8023872679045093
1.0 0.7659874078550505 0.3041144901610018
0.7698223057611768 0.8226738365310015 0.5185825410544512
0.6686830458334082 0.8649060628885114 0.21198008671912638
0.5074176797631702 0.8393149224968005 0.5621301775147929
0.6839338000549292 0.6837651911677318 0.2279202279202279
0.5709894289687348 0.8625325773636422 0.0
0.5622226196867849 0.7336149244224938 0.0
0.7132741897110547 0.7447691517018998 0.2899110939311944
0.9396149332772953 0.6315557481790477 0.8799460864542216
0.9842041751457975 0.7615920227480916 0.16666666666666657
0.810961947485272 0.863518125540683 0.0
0.6819638814226576 0.7695062009929019 0.34340659340659335
0.5563818674472327 0.7941605702830765 0.3104831676260247
0.9067551582410066 0.7913275324623434 0.5844155844155845
0.8376821711581448 0.8727871061028402 0.37004662004662
0.6744964948713426 0.8293260593087098 0.6245239908606246
0.6261449544907877 0.6617554178063245 0.734858361977006
0.67906708759665 0.643155909222658 0.5846692711841573
0.7550719943282118 0.705611480945281 0.7618646743133747
0.3714203492053336 0.8132737645120779 0.35243640821330063
1.0 0.7750057870352913 0.29021688250897176
0.5430608331266704 0.6950329462213187 0.7106227106227107
0.6739856273412487 0.7630053475443441 0.2822030040964953
1.0 0.8377927871052236 0.27972027972027963
0.451138255037328 0.7946940841472215 0.2626641651031896
0.3494417420939745 0.8409429320135134 0.3076923076923076
0.5027538552396656 0.7244459972146975 0.19358125318390215
0.750970786050256 0.8711611763780434 0.6467417932386085
0.4541749564456748 0.8788936870221508 0.5247140308531849
0.42440572191572984 0.8030742229814439 0.09253903990746096
0.7980538393695582 0.8473805082114263 0.4882542607093504
0.7998179714063045 0.7712319334136515 0.3213242453748783
0.3209433146945198 0.87051185140891 0.29137529137529145
0.5182624802658443 0.7123876127842939 0.5459057071960298
0.728760144383286 0.7484101430446649 0.6309969100666775
0.5974966127244876 0.805377970684912 0.0
0.9385732201537088 0.7977487881219745 0.6211628746840016
0.6754168636429525 0.9012559189460793 0.46936114732724893
1.0 0.7757312183166608 0.004498425551057087
0.30412141482981614 0.807435023900359 0.004676174888940805
0.5352892283593665 0.6732911589658895 0.7307692307692307
0.8486416438279482 0.8488278085044754 0.3040437823046518
0.6607645654684818 0.6611771993282766 0.7587195413282369
