T:1607427192.855277
~~~
T:1607427200.7874079
0.324916694617888 0.7912881364409495 0.810074880871341
0.31238289066035185 0.8172463905292107 0.0
0.5946430686616406 0.8479263752430932 0.7105108631826189
0.4425201175129774 0.7827839314326651 0.010834236186348848
0.4819818381995709 0.9762732590984383 0.6981773246833487
1.0 0.8395562694615906 0.7339449541284404
0.3031350508301526 0.7317534849603069 0.1564537157757496
0.3485807303513317 0.8680518492070877 0.5879340366690567
0.2883653929433451 0.772336935962646 0.752548656163114
0.5222022111024863 0.7887811837835516 0.39560439560439553
0.7245216129185367 0.7498013186733328 0.7167130058696324
0.45529055418624415 0.8093571255024232 0.5056980056980057
0.3555152460741316 0.6478687715240611 0.8403639371381307
0.7677462986038291 0.9021494532162042 0.6710984488762266
0.5253935618048586 0.8474374993440688 0.07396449704142019
0.622077880886041 0.7973604271642205 0.6920992286845945
0.254845185754148 0.8366756021846248 0.5075337034099922
0.4727959250023958 0.8823973495137841 0.23310023310023306
0.33725787516820055 0.8472954731762393 0.6590909090909092
0.32630118683751996 0.7747514468051496 0.6909866883446805
0.24878305353959815 0.8098000770643897 0.7637362637362637
0.5981366938355619 0.8214981429519226 0.8088818398096749
1.0 0.9007380940166086 0.38696060037523444
0.6061763349739465 0.7410029372324961 0.1434159061277705
0.619229354223746 0.8584544439905957 0.6737053795877325
0.4997930691869794 0.6344329830445515 1.0
0.24754665334068165 0.8113453172406324 0.026990553306342865
0.6500007395650709 0.7875219704616487 0.7105344454742044
1.0 0.8407983456283658 0.48582995951417
1.0 0.7804977272626284 0.1923076923076923
1.0 0.89140319386637 0.37606837606837606
1.0 0.8093367795668603 0.41089345437171515
0.7470161433220331 0.7991253592372656 0.786656708986806
0.7151845603082103 0.6336909709933123 0.6661379857256146
0.6525937366812972 0.7858190647522018 0.6742354031510658
1.0 0.8328060952017157 0.5255140898705255
0.9647406637736914 0.8646783891994819 0.3593703593703593
1.0 0.7151741586239394 0.011895321173671647
0.5148883016966357 0.795783894126852 0.5307692307692307
0.3263084062729352 0.7683230675503249 0.36335523772709705
0.9339246435031935 0.7760407127382866 0.1341031849506426
0.46477721579896664 0.8576027396688766 0.36120401337792635
0.4229274093548938 0.9030452892476176 0.2596153846153845
0.9034940453883443 0.6112300098278999 0.9123129430296666
0.7429386189127563 0.7414291806725433 0.0
0.5643781068801386 0.8904134451041351 0.12307692307692301
0.5619606913481189 0.7985721269970103 0.8621477532368622
0.5244738412389677 0.8099525332341778 0.28846153846153844
0.8580935927119158 0.7058284343044591 0.596795890913538
0.9698387865440058 0.8714232316825824 0.5960531614981877
1.0 0.8883120193502824 0.7025641025641025
0.8545121316449502 0.7364011958384993 0.7328740910830464
1.0 0.859764835522816 0.712773465067043
0.665513093756308 0.8987698692560665 0.01831501831501825
0.9630328669334289 0.8681411656631697 0.7459749552772809
0.49932250795756694 0.679950544818762 0.0
0.452605502898959 0.878784875184825 0.055340343110127276
0.2921127472682189 0.8137821950635793 0.6140350877192983
0.8479325502305418 0.8277396044392666 0.7962597706187451
0.6743937256060697 0.8177359376015639 0.638645174454193
1.0 0.8613032861759987 0.5128205128205129
0.6522624468590525 0.8314923881876605 0.7541825263344251
0.8243110577257249 0.8310366434879499 0.7018787663948954
0.46506591509599265 0.6849903966758301 0.9185959671396564
0.40392714595588497 0.8644979233223646 0.21634615384615383
0.5129383230115575 0.9256568044704289 0.6294594858762584
0.48471056281130964 0.8230519448084537 0.26655077502535135
0.37396231582607836 0.8616824667646668 0.6904315196998123
0.7634216448630997 0.6699821152002701 0.13071895424836605
0.7280202138299472 0.7066470312643912 0.005398110661268572
0.43232198526260723 0.8499518821297442 0.33456269757639623
0.3164968894486135 0.9090869982367891 0.536723163841808
0.2916895312167332 0.88600665371613 0.5617866004962778
1.0 0.8005929862565163 0.0
1.0 0.7748899652001601 0.12600732600732603
0.8262362538707589 0.9000244582641971 0.7196029776674938
1.0 0.6692714369745977 0.5368248772504091
