T:1607428130.514653
~~~
T:1607428131.124187
0.45446183225967 0.08941157833568097 0.594871794871795
0.1457095919241583 0.049651689896264325 0.0
0.7831567828822795 0.021793090903411735 0.04158004158004149
0.22871658659539754 0.08405835195411843 0.7889546351084812
0.10881746938727554 0.10627542900249223 0.2429149797570851
0.22542463640521493 0.06582181755542117 0.0
0.2643519057348498 0.1675162821777143 0.8144796380090498
0.1548976050398274 0.06790207642401554 0.8391608391608391
0.5183161144725038 0.02023917072086791 0.0
0.5881081529366244 0.2581554856988974 0.5821205821205822
0.32274305469906833 0.10540735221198091 0.5128205128205129
0.36378446023362343 0.06951614464011396 0.2024291497975708
0.17185900419799494 0.10738701308715777 0.5668016194331984
0.11641589748815144 0.02804293558089231 0.5955334987593052
0.49865723811872553 0.09861038778541657 0.6153846153846154
0.5763844832954382 0.07868656249776523 0.0
0.653528468017872 0.045614637525292254 0.0
0.4103408941632778 0.1706388064286662 0.7692307692307692
0.40107815868264424 0.06391090999555339 0.32967032967032966
0.6513486765111806 0.17745139030240775 0.582995951417004
0.34738319871137896 0.11618394498117587 0.18893387314439952
0.12423014291565498 0.1144583241115644 0.0
0.45498723096273547 0.1345827973000261 0.7692307692307692
0.5449975349192151 0.06130685399445216 0.3550295857988165
0.11380629593492567 0.2724377558138913 0.2714932126696833
0.26439129085493446 0.10250702292961988 0.23076923076923078
0.7184618956473354 0.0952109741368769 0.08316008316008316
0.4034252257176422 0.05676898127814372 0.25641025641025633
0.16187368388752096 0.05011493769578197 0.7692307692307692
0.17067625362700234 0.1552843848561628 0.8547008547008547
0.39836213402332743 0.06733314414017716 0.6837606837606837
0.11305781108635822 0.059718958563512094 0.8653846153846153
0.19668956545829125 0.09066988296935372 0.3846153846153846
0.5073599061669122 0.0917034746009826 0.5714285714285714
0.36710141754460446 0.12886787632006125 0.4395604395604395
0.273242080403978 0.05230333529447922 0.0
0.2867143571418326 0.14403811561799262 0.1538461538461538
0.26574115988418767 0.015260330650424299 0.6237006237006236
0.13275130709247102 0.15247857166937726 0.7422402159244263
0.22040856402658754 0.0411282322383252 0.04962779156327539
0.4445218697688059 0.05074546244642177 0.6993006993006994
0.34462133727802674 0.05395546991923128 0.0
0.6588443899657865 0.040525898176191344 0.0
0.5340625815576008 0.01558759291971785 0.21978021978021983
0.3764437317021737 0.03926145490276574 0.2024291497975708
0.2694622423062894 0.050474680504791446 0.7692307692307692
0.17917532117682822 0.029667556570802826 0.0
0.11873121912835391 0.008800622509365403 0.5917159763313609
0.14088415496220863 0.10309847890195734 1.0
0.1874144738696995 0.09310172257969232 0.728744939271255
0.20614256447638857 0.03748884723794215 0.0
0.2073160515607106 0.036229406337984695 0.4895104895104896
0.15035290567022586 0.1877567558428117 0.673076923076923
0.07974272077660852 0.11453886995659698 0.4807692307692307
0.2833603478168578 0.1508640930073868 0.7051282051282052
0.35581767876500414 0.15439151090946593 0.03846153846153849
0.24337559744636122 0.07644354695069872 0.25641025641025633
0.6169872070605905 0.042881863798262455 0.0
0.3473661486100365 0.1670516297628436 0.6433566433566433
0.563857108582832 0.08177256610327754 0.0
0.20798338374427033 0.07727467491455904 0.4682274247491639
0.28835389342838275 0.08083260863391348 0.8615384615384616
0.4841249165122534 0.09998006495954567 0.41958041958041953
0.1758366839813031 0.09631108434882257 0.8738461538461539
0.10069955656071955 0.0791710149643957 0.7239819004524887
0.1182905899908717 0.06898269358845933 0.4072398190045248
0.3644361481454381 0.011322657333306636 0.0
0.3122369123830003 0.06429204636792038 0.5788271134805788
0.1393486696165578 0.03684141967171595 0.6444906444906445
0.4791679671313236 0.06753608209226897 0.18369690011481057
0.6000696576005927 0.006809334592874996 0.0
0.1826652312821244 0.011437886315752394 0.0
0.39258928833723206 0.0960064364542414 0.34188034188034183
0.18529062222533763 0.0412123704599405 0.7692307692307692
0.1775677058388589 0.03226530888766312 0.879120879120879
0.21203848052351515 0.09239887191533142 0.9954751131221717
0.19379796878336716 0.1736420261309232 0.641025641025641
0.09784700175598728 0.04309446089863041 0.6020066889632106
