T:1607427404.155149
~~~
T:1607427404.836352
0.7427581044986945 0.05190429524750795 0.0
0.16639846756146956 0.16828645627224859 0.25641025641025633
0.5154248568826647 0.12183338230139365 0.1183431952662721
0.5430807159262196 0.06947009581911634 0.0
0.589350949850108 0.06209424584312047 0.1809954751131222
0.24383263962255805 0.19805499663832796 0.8575031525851197
0.34504672038491835 0.04474773391977676 0.1061007957559682
0.688444379788614 0.05125672803210746 0.4395604395604395
0.7866576278211093 0.019565198492651165 0.0
0.24072607954962777 0.16769568746148497 0.5982905982905982
0.5044536917174267 0.07452696961548044 0.10256410256410253
0.4952475868590569 0.06821134051979705 0.9049773755656109
0.775973050949464 0.03242447627248568 0.20979020979020976
0.24869934861265772 0.08877840495951211 0.0
1.0 0.1288879858669545 0.6888633754305395
0.30824130908294867 0.10092953993167929 0.0
0.2414671165791444 0.055405319305031266 0.0
0.713997503788308 0.13937622730700888 0.35714285714285704
0.6617694573196733 0.08146406794505243 0.5128205128205129
0.34815989953061155 0.0852364011788728 0.8144796380090498
0.4561560745776069 0.06073752956597179 0.0
0.4938131226991022 0.0587164811018586 0.0
0.23066787468063066 0.06729970120426691 0.1538461538461538
0.15764898930754923 0.04079511041419079 0.46153846153846156
0.45599433034500164 0.04636777160507192 0.28846153846153844
0.7536418118950966 0.02031550768784902 0.0
0.41133767426944834 0.01778094056850239 0.0
0.256243952232812 0.07761704595095477 0.8284023668639052
0.7588932275357919 0.024369907748877772 0.0
0.6444209330796072 0.055625835451476514 0.6293706293706293
0.30355352421230064 0.15779812739002358 0.7875457875457874
0.49533443279119865 0.21464145411745414 0.1255886970172684
0.23576267029372655 0.06742498161551132 0.10989010989010983
0.3199631997581489 0.07283652035905515 0.1923076923076923
0.3595368201891437 0.028422620719031424 0.7967032967032965
0.16298510744112765 0.09654132437416307 0.3935599284436494
0.19166006849238734 0.07637622867911761 0.0
0.2815870695526253 0.07301233702523875 0.0
0.491679271421193 0.15472815969098808 0.7807118254879449
0.14604542171254134 0.09153763051504679 0.717948717948718
0.17465242822699653 0.14895694597261652 0.6593406593406593
0.41068929087372796 0.14364321533581773 0.6020066889632106
0.232738772879871 0.0827123759730432 0.7239819004524887
0.31936226743490786 0.019739890262538497 0.0
0.5310794358735473 0.05850814791307018 0.8568646543330088
0.3361667234242547 0.043992254142016955 0.6688963210702341
0.28886897237882597 0.056463611051189105 0.08391608391608395
0.21362338449268709 0.12167225797765271 0.5917159763313609
0.7098993510193291 0.04088506124297041 0.0
0.7051660661404596 0.012594730331829358 0.0
0.34215584824239026 0.03676936351816715 0.641025641025641
0.508724926334279 0.10155966385736809 0.7307692307692307
0.3306147841129916 0.041281240457346255 0.5494505494505494
0.18248150293863163 0.11021977665244218 0.7142857142857143
0.3707859350143224 0.0692682395662203 0.3076923076923076
0.26690035205136103 0.044565668504043296 0.0
0.3236249344930559 0.15104282400186655 0.025220680958385904
0.36809435892232817 0.022152543981086254 0.33530571992110453
0.14666025183622444 0.04367526287866741 0.8547008547008547
0.2504050888946622 0.026896115097541244 0.0
0.17834113849604644 0.15618178085134216 0.19474196689386564
0.14059352461342278 0.07166482681374209 0.42735042735042733
0.6231630843449935 0.059998250751192826 0.25174825174825183
0.37384008634603466 0.08659992778254007 0.0
0.3821266608789434 0.04708177081474958 0.46153846153846156
0.4006131652271558 0.021809804830324863 0.29459901800327337
0.31722574842456047 0.059773551954155825 0.9401709401709402
0.4158259435981122 0.0691867035436438 0.757396449704142
0.1550702375236463 0.10938327724017975 0.23005032350826746
0.36000988047225585 0.05817296036407603 0.88379705400982
0.5000713854673867 0.016054749885504278 0.40485829959514175
0.34519227346196024 0.026873563372264986 0.05366726296958847
0.2436661615461114 0.0004578713714750319 0.0
0.28418117800994525 0.05673195240363075 0.0
0.3934827712761027 0.06792942873980373 0.603318250377074
0.5156411854541791 0.15293566765591285 0.0
0.3411093262130115 0.026636216765481162 0.6153846153846154
