T:1607232839.809231
~~~
T:1607232840.397335
0.3525801229497601 0.019354228402035063 0.21978021978021983
0.46066322275381877 0.12046137673789228 0.5128205128205129
0.4852509691374085 0.10072703028714595 0.6334841628959276
0.19032617286417555 0.04957162859917748 0.0
0.20928124094594777 0.08795592113104085 0.2714932126696833
0.28559138853402016 0.08119164558965347 0.7692307692307692
0.47719221665694933 0.05713951611866846 0.8653846153846153
0.23331993099282883 0.06539151990244939 0.6153846153846154
0.34721480006129285 0.28345047865668255 0.5281285878300803
0.2619018126215979 0.2243846132303616 0.3479853479853479
0.40568617973017973 0.1164084283069411 0.3076923076923076
0.2256281800881928 0.009350468792360678 0.0
0.33043109514569796 0.009458179986703763 0.0
0.3592355412907068 0.11812174343855446 0.1183431952662721
0.44179640408192583 0.023039814408016043 0.0
0.24880392251617325 0.14913201984789262 0.8205128205128205
0.5972720929688421 0.2740814432819358 0.663129973474801
0.2574766855606695 0.10824558866051573 0.0
0.2509499254928117 0.0814559252125088 0.1636661211129297
0.10433364281824865 0.1512089110665541 0.6688963210702341
0.18406301130333327 0.00267857729785865 0.0
0.24254313456931204 0.02641169583062042 0.5296343001261035
0.2741759280723169 0.09023103750031411 0.5128205128205129
0.13806973803335176 0.023100938368771126 0.0
0.2223292792834959 0.10456386877648098 0.0
0.2758022457264244 0.12019851577621549 0.641025641025641
0.2973433100793922 0.13799152620857832 0.6354515050167223
0.5638533469271081 0.044139145100571424 0.0
0.44140704597039354 0.07474080685761038 0.5867014341590613
0.2682380001677825 0.09014100711619646 0.3550295857988165
0.08433749551120323 0.05173591081789656 0.0
0.3146830658726218 0.034735348674951316 0.2902757619738751
0.04041142117583966 0.09111927952131782 0.41958041958041953
0.10181758767888226 0.11937401639103587 0.7211538461538461
0.1875728976399477 0.046030280803396016 0.5769230769230769
0.19935265121773493 0.2684113065082764 0.8284023668639052
0.17940208459954657 0.12887620024940358 0.8653846153846153
0.2149273660302468 0.1581925794398195 0.8493589743589742
0.14781800527279457 0.21981853979171725 0.5429864253393665
0.17875555439554552 0.14059611309680128 0.78125
0.2599215497457821 0.019385545741010972 0.5594405594405595
0.3618002168147635 0.09409543228391112 0.3550295857988165
0.33032731749558847 0.1031218810798919 0.0
1.0 0.10400709346843102 0.16194331983805665
0.515722047820599 0.1032345771473296 0.0
0.2618513095081777 0.20147550562018432 0.4578754578754579
0.4099005778070029 0.025100025526449014 0.19639934533551548
0.6377310469294438 0.03647986253359841 0.0
0.5925481809038455 0.13328892214345983 0.6643356643356643
0.21191290309415814 0.07215338296109462 0.5128205128205129
0.09352330971751656 0.020162903130963743 0.0
0.15541531514728618 0.1619777942606631 0.4487179487179486
0.16074565366139199 0.10074838320051056 0.0
0.22083353742986306 0.20935156729041593 0.6815968841285297
0.4798795650407006 0.053232740733055096 0.0
0.163530291627223 0.012908919337967546 0.4102564102564103
0.23036801510404345 0.06718014998344457 0.6153846153846154
0.37602223648238076 0.04923881200712474 0.0
0.5416259241962098 0.07934846526789394 0.0
0.1561076033528145 0.08143106251846206 0.1538461538461538
0.1702486180982763 0.087195364840876 0.7521367521367521
0.132214485032522 0.16924948898251468 0.6593406593406593
0.17080347617992372 0.08545256076074101 0.3010033444816053
0.14599501813397558 0.12161814498184433 0.3846153846153846
0.13069350391547757 0.17668977129832905 0.4148660328435609
0.3038552589062045 0.08930117632416944 0.7211538461538461
0.15571752579175807 0.024881173715724438 0.0
0.297047799084212 0.24476695756051112 0.9375
0.2286413329292769 0.04197266297990697 0.586080586080586
0.3630308107507886 0.1508589726354497 0.5494505494505494
0.1528729239965948 0.07787941994385816 0.1424501424501424
0.45348855891866335 0.059856693376868816 0.0
0.4239162284198156 0.13428727886433028 0.544378698224852
0.0834986749901234 0.14424019264388965 0.36630036630036633
0.13922189187944395 0.02885004866898974 0.34188034188034183
0.3888856385638772 0.06271849544408815 0.9038461538461539
0.10684417379262075 0.2853574004175173 0.6153846153846154
