T:1607427113.147894
~~~
T:1607427113.6304781
0.34374297928316827 0.05447378757943941 0.3521779425393882
0.2861469171489077 0.04311465725654837 0.2714932126696833
0.2927170145535325 0.047636170323134594 0.2972027972027973
0.32597780595598175 0.04540273932803318 0.1183431952662721
0.27152191466093684 0.05887969461763462 0.7307692307692307
0.37365499707758904 0.018323551103685633 0.8236208236208236
0.2081789837243053 0.054019266735498526 0.0
0.36228050817376284 0.049516372540838585 0.707338638373121
0.42423155690975695 0.021676861825265438 0.0
0.23822189125993182 0.08319485918645762 0.29177718832891253
0.32825918107598295 0.08235135279405877 0.3238866396761133
0.2633724317714607 0.05334920795894118 0.0
0.3572666945635779 0.03182053158197624 0.6373626373626373
0.37753972321243984 0.03502042450011067 0.8205128205128205
0.335973652277047 0.0650972442091253 0.25641025641025633
0.2727121187445902 0.08559361938934569 0.1309328968903437
0.4405537069409047 0.05033768296191843 0.3846153846153846
0.4125636673270246 0.02586614576321129 0.29459901800327337
0.26046294833950046 0.0921569626449405 0.6477732793522266
0.431706849850715 0.056919871363312814 0.2366863905325444
0.32902149207870207 0.010650100819953483 0.0
0.6233593859328764 0.120328757012448 0.24038461538461536
0.2533370802877505 0.010077313541051776 0.0
0.26008864320131253 0.09171055858194206 0.2393162393162393
0.4889733076506563 0.18818236779239408 0.6153846153846154
0.22500191693666452 0.05036060901827463 0.0
0.2380205429695105 0.06070963224989028 0.0
0.4018163261014528 0.01870246704200567 0.0
0.30561536655205884 0.11194148893573667 0.6666666666666666
0.4170444985003428 0.018453277604215033 0.5594405594405595
0.3361909767546468 0.1117251197946177 0.6976744186046512
0.2891726373525069 0.094316500264077 0.7017543859649122
0.24276105388115823 0.03766672927687541 0.4395604395604395
0.40177593372678116 0.09164629931833645 0.1465201465201465
0.7487823758429448 0.03605620700100065 0.6095791001451379
0.5521878291581243 0.01158178341835752 0.08097165991902842
0.17242425309354842 0.15322592808511845 0.7961269499731038
0.1069650773264003 0.1238096370673582 0.4395604395604395
0.3005656112750993 0.049282196563361164 0.0
0.3770439628830239 0.050962886650486164 0.7855973813420623
0.13479299709794682 0.09141494685870936 0.41958041958041953
0.19436519909225783 0.07297650093449737 0.6495726495726496
0.19718610276605217 0.18735891912640962 0.5917159763313609
0.12338599618827405 0.019790729235594457 0.0
0.30361682161624315 0.03859975936891279 0.34188034188034183
0.2247650964538729 0.023279836122614656 0.06993006993006987
0.4187465036571708 0.06376215931148883 0.4475524475524475
0.27409760776672226 0.035929397958887214 0.0
0.5214146842582253 0.02612671032804096 0.5668016194331984
0.23470895099229988 0.06097933680202902 0.0
0.20037512763659496 0.08203080856509196 0.760777683854607
0.20226955642929256 0.017962252064339976 0.09615384615384615
0.10541234421232719 0.09254671249700729 0.879120879120879
0.07831956185478534 0.05499489882826733 0.641025641025641
0.18955715961689976 0.10991694289184514 0.6837606837606837
0.14020407863786846 0.06170156224208341 0.0
0.19940282447069657 0.05165352669191794 0.0
0.19236041948807045 0.039257353394729355 0.0
0.31608456975754695 0.1307649542229312 0.3076923076923076
0.1996807666851479 0.09692792518261971 0.0
0.2568583449555041 0.045099465260427206 0.4142011834319527
0.6882297141822268 0.06642503225409364 0.586080586080586
0.2205154476292077 0.04617415398279883 0.2618657937806874
0.32171922711303147 0.16606602154599875 0.46153846153846156
0.3841583598398202 0.02585398504533511 0.4588394062078273
0.13540901762072163 0.08919670823647166 0.0
0.17040614452991604 0.054922475956336675 0.12820512820512825
0.4223902241017023 0.0278663115638389 0.0
0.28010976063603127 0.06701294184383287 0.8144796380090498
0.25075247996191447 0.10576177830031984 0.2461538461538462
0.36003978420674376 0.055537915366331576 0.7211538461538461
0.19777310883906268 0.1206235874421275 0.7100591715976331
0.32137575123301676 0.026283216141323375 0.0
0.13340144144856622 0.04616087169030963 0.7692307692307692
0.44881499615695014 0.03858510685368688 0.21116138763197578
0.1527832432792838 0.02309135570651758 0.0
0.16979356987700991 0.09616337380225969 0.0
