T:1607427777.898918
~~~
T:1607427779.042251
0.2752789283582504 0.06271126264661848 0.0
0.19424248959280677 0.2097486049637457 0.8144796380090498
0.09321989100970053 0.14625977145175328 0.2714932126696833
0.28250344405642275 0.28781799439680733 0.6666666666666666
0.5124005020285402 0.06964886163935584 0.5128205128205129
0.22193867564648206 0.14810240078855755 0.28402366863905326
0.45301480183223414 0.07747174968396751 0.7032967032967034
0.30533725617549873 0.12992473993241105 0.586080586080586
0.38277406042564177 0.048018739077471916 0.7390648567119155
0.3093381747382396 0.031526807488084785 0.7100591715976331
0.3940681310210414 0.07716566020225778 0.0
0.44262387515516927 0.11531633445603041 0.5651491365777079
0.24737333878198875 0.02181894300910219 0.0
0.29010409432214596 0.025390592302879024 0.5448717948717948
0.13944583694267745 0.04308155102743326 0.0
0.23406878310767065 0.1368450656859691 0.5128205128205129
0.2197868866830023 0.20162313955300343 0.717948717948718
0.3349941608395349 0.030873261891059624 0.1923076923076923
0.5235736898690184 0.05892025159699491 0.8152531229454306
0.3697090234990345 0.1850254009737045 0.5008944543828265
0.213464803812707 0.19929889133395853 0.7165437302423603
0.09769904674613335 0.05586484850153007 0.0
0.20941811926232481 0.08661654698240318 0.0
0.23459889301000003 0.06757561284308568 0.10033444816053505
0.27491232032979634 0.05407022801169924 0.3076923076923076
0.15197634828125914 0.033415742970828326 0.547588005215124
0.3330481666317831 0.18351414023638063 0.0
0.4838510105459206 0.0786066699503864 0.4479065238558909
0.38628162344400324 0.08330373261534757 0.0
0.20720754288066823 0.06509129084048819 0.0
0.24092590762579605 0.061114397727810896 0.4714640198511165
0.3532773134281757 0.06134673566551872 0.0
0.1847834025035289 0.04494202493443313 0.5982905982905982
0.24321401447317065 0.05969264691393901 0.5305039787798409
0.4693214127562379 0.03126626813055121 0.7459207459207459
0.0817595028486784 0.1808226695810974 0.0
0.31160942208092046 0.03200221420470368 0.6593406593406593
0.25972072069016827 0.24456266550391065 0.673076923076923
0.1666446527703997 0.06834183790028521 0.0
0.13062535801892003 0.05821352788754842 0.0
0.470815427867689 0.05882320112297454 0.5128205128205129
0.17019611127502687 0.054914264689493536 0.6706114398422091
0.13289776096355954 0.06522955848762883 0.26035502958579876
0.235733316248598 0.025289521747093868 0.2626641651031896
0.3619219892285921 0.008729154092418845 0.0
0.5250632891774986 0.11960746235800696 0.5283605283605284
0.1640906954109429 0.014775012850044726 0.41958041958041953
0.1545435540540439 0.05672319253457681 0.6923076923076922
0.17533921554884735 0.15014210082766966 0.5128205128205129
0.24856202734272606 0.02631763202142471 0.4166666666666667
0.5928090049731553 0.0996072605378159 0.568561872909699
0.22782730555840014 0.1426444675078474 0.5641025641025641
0.6878308566960201 0.14711389822184054 0.41958041958041953
0.3159484296159485 0.11879628992570494 0.2393162393162393
0.4121028984512027 0.062197384832165054 0.9523809523809523
0.14185965703416425 0.07700661751097325 0.0
0.2126323744176246 0.09322617142520981 0.8144796380090498
0.17534186112409064 0.16539184052599862 0.11257035647279542
0.24454813908100906 0.09952346639306062 0.32967032967032966
0.25031940544881526 0.03002756832064746 0.0
0.061726198632380165 0.25408257605159096 0.5917159763313609
0.32634284518185536 0.059568495463230925 0.0
0.24019976543628896 0.05284760943836009 0.7692307692307692
0.38433977308870204 0.20373212175593897 0.09615384615384615
0.45606718359640014 0.0636781699985816 0.9049773755656109
0.18329750964928665 0.06740128261415616 0.20066889632107027
0.26176428100241356 0.03717709823997249 0.2166847237269773
0.353450614655943 0.04034976342003624 0.0
0.11138009878122276 0.052299245653584084 0.641025641025641
0.5758267679448191 0.04117429942707997 0.17416545718432505
0.17021747403269294 0.10684197283236124 0.1923076923076923
0.1735631973438311 0.04506521104468919 0.0
0.1152091097117652 0.04092743495248511 0.9401709401709402
0.21976098479429804 0.06630105763891891 0.0
0.45466744323862135 0.028326628549613892 0.12307692307692301
0.22038085990986073 0.08151346229164612 0.26755852842809363
0.39018746307503305 0.0842834420923582 0.0
0.35314357950774605 0.08764668151567052 0.4733727810650888
