T:1607236279.075124
~~~
T:1607236279.910017
0.5181966757502822 0.01153082903190431 0.0
0.25008927877023446 0.1164662850618262 0.33898305084745756
0.5995825525288557 0.058095685494370546 0.0
0.3730670723602978 0.08747193427043824 0.7532051282051282
0.40809440844337475 0.10151585304653496 0.5128205128205129
0.24728874952155125 0.06535466675098872 0.923076923076923
0.5049844077464823 0.08743024000152985 0.0
0.6740683887458786 0.046882682361185646 0.0
0.5954621721070489 0.027602839976436408 0.0
0.5464334479559853 0.1762247165666101 0.6888633754305395
0.30969684991109664 0.08525250786190851 0.7384615384615384
0.20097094189551298 0.007936384374757237 0.0
0.4156747718342573 0.034482891117747494 0.17582417582417587
0.36756958265344947 0.13533745666671396 0.28846153846153844
0.6345718328623362 0.037663053657942536 0.06993006993006987
0.4710165110447494 0.12862483369238692 0.0
0.1721295107633869 0.0701902046011211 0.1398601398601399
0.41684462301392616 0.0713047636155828 0.6923076923076922
0.3844752373322248 0.12604253673197793 0.7889546351084812
1.0 0.04081651399162976 0.4120879120879121
0.4652943530379556 0.19416234714014896 1.0
0.5257844318541351 0.07259289008950771 0.41958041958041953
0.2283610212727616 0.06530198995554531 0.1923076923076923
0.25436334361828494 0.08233757287237885 0.4807692307692307
0.1995564258219117 0.282574293129781 0.8547008547008547
0.7522206974467883 0.089308253141536 0.2472527472527472
0.6089578360911571 0.13788158257163238 0.5917159763313609
0.24780526960218585 0.09994359718979345 0.5128205128205129
0.2018152725524816 0.040078774364833425 0.34188034188034183
0.13209185544971408 0.10981026295412898 0.9401709401709402
0.4475321233855737 0.1344929567479225 0.8284023668639052
0.20373071821831615 0.073518365412044 0.0
0.09111876725224081 0.12436999384187854 0.4733727810650888
0.2144207784876619 0.15744107434927634 0.7692307692307692
0.33120495010747997 0.12491248281497978 0.0
0.6493435370745614 0.058827711317682406 0.1538461538461538
0.3506248730578961 0.1451534434296875 0.6153846153846154
0.1894740716770973 0.14009803760066442 0.5128205128205129
0.1611870131067017 0.10310803417001255 0.0
0.488189894471566 0.2717560554353447 0.46153846153846156
0.9902622413515587 0.24317602763337706 0.8757396449704141
0.6399456012988368 0.18215515090401743 0.6508875739644971
0.14302195155099326 0.043635728113136416 0.0
0.598653421897645 0.21289278636577164 0.6993006993006994
0.23552103144806827 0.13633114523120501 0.0
0.18372438457397264 0.11344120854659666 0.0
0.5424559408343416 0.0490780505352292 0.0
0.4675418471846347 0.046382047099765414 0.0
0.2630634265103376 0.07603789104286464 0.0
0.2908947351304028 0.21970642902626752 0.5384615384615384
0.25072724476579283 0.062326312966741744 0.4807692307692307
0.19264395924646927 0.03888174389898794 0.0
0.3060843693337383 0.0844990420544697 0.12820512820512825
0.35762723607797664 0.2116076521626382 0.3846153846153846
0.5079280956808742 0.17428328334201193 0.6429391504018369
0.244711077095354 0.10377292049792684 1.0
0.6254824554314856 0.2244048274854292 0.7692307692307692
0.2702720200047375 0.11508598583343141 0.7925407925407925
0.4423080027381397 0.0666223693344048 0.5128205128205129
0.4503486851598064 0.10876999296239928 0.5384615384615384
0.3331727165307195 0.05351401634356101 0.5594405594405595
0.2963693441030369 0.13426947130094022 0.3076923076923076
0.6656873169527505 0.16479788549567126 0.7252747252747253
0.48412230399572537 0.09866331058071284 0.0
0.3808865474994599 0.0683890299524957 0.0
0.9732881190570876 0.22023151441900513 0.7264957264957265
0.22932758320691937 0.11861470947981925 0.7692307692307692
0.279396215433846 0.26462512609821687 0.0
0.45544924618454224 0.10214389953113476 0.9098428453267161
0.21790914698313263 0.0063354022629259965 0.46153846153846156
0.29607409854495204 0.023330958639892686 0.0
0.5145346075113393 0.2044427526213623 0.34739454094292804
0.4452193726706785 0.06472563383370401 0.0
0.407560619952262 0.08276223712389104 0.1538461538461538
0.35006599331688976 0.10327629533736814 0.4807692307692307
0.34842404459106 0.1188351208077232 0.0
0.26082019051846717 0.12213198339672732 0.41958041958041953
