T:1607427613.1120691
~~~
T:1607427614.9727712
0.28445645214814336 0.1132372617617128 0.5917159763313609
0.21685618601832699 0.20058496020069802 0.49309664694280075
0.369920027527494 0.12134034589872628 0.5982905982905982
0.2771325970473876 0.039614656214701505 0.0
0.1940825421778506 0.09140707199992842 0.6993006993006994
0.4938945137330589 0.05514775028118495 0.6067172264355363
0.3027971396163815 0.13507919542104097 0.47095761381475665
0.4743230519313515 0.0892938244411577 0.0
0.21341840681810853 0.19289535210393846 0.9331651954602774
0.3594014014768299 0.028658916698374174 0.0
0.42128933781184813 0.046278652098387586 0.0
0.29967619565569475 0.05553156385434078 0.9938733832539142
0.06579297753041354 0.10633061281375407 0.673076923076923
0.33749529173900306 0.06526777522663349 0.2714932126696833
0.27737394945811433 0.05028839639440326 0.1465201465201465
0.308193658606382 0.07698062770828502 0.5594405594405595
0.19734164473458082 0.05233480081641262 0.0
0.17324894226649631 0.04269429842900559 0.2366863905325444
0.3425201830386046 0.08114298611409808 0.08097165991902842
0.29500708224435335 0.09168160198076425 0.0
0.37467813873871675 0.09723296247772859 0.3076923076923076
0.8494779044334527 0.03646151303801986 0.0
0.23520565844372626 0.01769643979569865 0.0
0.6796161252385418 0.05384368100397996 0.7342657342657343
0.2844640106429823 0.10720849031525498 0.5128205128205129
0.1963617209163909 0.2644647968557709 0.7100591715976331
0.1716705530964956 0.04485126606932693 0.5039787798408488
0.21734109546309727 0.09342594879803062 0.7692307692307692
0.2825056906635659 0.19261979009938932 0.3016591251885369
0.09006859996258669 0.031196994360135347 0.0
0.6097023678280268 0.01597855589112994 0.1318681318681319
0.06554494310051479 0.09657451922868218 0.42735042735042733
0.19793910968266074 0.10148485199427237 0.0
0.08698573653190018 0.022249169058702334 0.1809954751131222
0.36963419445764945 0.058935790749217024 0.8526413345690455
0.23305421660359002 0.11104052799043061 0.3846153846153846
0.1603599412327441 0.12764207967461727 0.334448160535117
0.1191640945116344 0.1694355640903432 0.28846153846153844
0.19323538506018198 0.08040681432558634 0.7384615384615384
0.4377563725658509 0.03474635430778988 0.9429280397022333
0.301093535168325 0.11248159446719658 0.6643356643356643
0.2036853325275891 0.13533612389516797 0.6923076923076922
0.1679030945391772 0.10211363009648836 0.08097165991902842
0.22564141386136052 0.07954032508738021 0.6593406593406593
0.1565550091697749 0.051664727505724234 0.7692307692307692
0.22046007561230768 0.029379286612649342 0.4733727810650888
0.1890280605578127 0.08393885316301761 0.1183431952662721
0.285721847290765 0.12876291004527063 0.5128205128205129
0.6357763660635474 0.009813269237970594 0.0
0.18839032091707567 0.1420881346436095 0.41720990873533254
0.20075530410996928 0.14269562959663323 0.2714932126696833
0.48415822210271925 0.0765902932503607 0.13736263736263737
0.1120102268148193 0.06511015331217959 0.0
0.30165781918865053 0.12263673291854389 0.3076923076923076
0.07719141903493042 0.024979143025264702 0.0
0.1863355287419122 0.06729926016131935 0.35714285714285704
0.08930083853358174 0.04433293640013278 0.0
0.39824904207753425 0.16021822908378489 0.6346153846153846
0.8944288319708562 0.12409160113066524 0.757020757020757
0.260733486906287 0.06225858399544371 0.5067873303167422
0.2918581017606609 0.153817576461835 0.5944055944055944
0.23182174732874802 0.1566704802555993 0.7100591715976331
0.2508773711511792 0.06898998035475827 0.6557377049180328
0.2652902198258029 0.11298951770270897 0.9502262443438914
0.18594798784779631 0.07656984518212205 0.7239819004524887
0.18021201852771235 0.15167702112731252 0.18761726078799248
0.16815716768641256 0.019941683151902655 0.0
0.11435625503003555 0.007370987538631858 0.0
0.1420127707368935 0.23640396887902587 0.7894736842105262
0.1814796115010282 0.21488097102876533 1.0
0.21169322338290997 0.07349262872530127 0.4733727810650888
0.08554757515771819 0.050948725957697 0.3550295857988165
0.22891111196874717 0.10451774586960291 0.7239819004524887
0.18374438600349996 0.0591973624009374 0.0
0.22809828080406275 0.02896343970128517 0.1538461538461538
0.31156114568454163 0.11860064948740892 0.31468531468531474
0.10937762889638131 0.025234364757974154 0.0
0.2642617300297308 0.1515217749734494 0.6451612903225805
