T:1607427200.789613
~~~
T:1607427201.378222
0.3543971240550993 0.02463309393640732 0.0
0.3727733711918484 0.04568724570963023 0.0
0.4008901731418345 0.022131600968228988 0.0
0.2538223005943699 0.02368450632481161 0.6153846153846154
0.5366556239679564 0.045590273021632086 0.0
0.2817427729271 0.023281757455329646 0.2366863905325444
0.502012261302005 0.029956696186364463 0.1538461538461538
0.5022259476498789 0.017769714239101533 0.21978021978021983
0.342945946229562 0.03097521821098951 0.3238866396761133
0.895545458360299 0.04663706224144185 0.717948717948718
0.18923465178980045 0.015016735756760357 0.1923076923076923
0.3872498773765171 0.03856239194682492 0.2366863905325444
0.21198708451522683 0.07789939451828361 0.5982905982905982
0.22854783607468548 0.07317835105610952 0.5668016194331984
0.2785582186300209 0.092679670767813 0.7357859531772575
0.449120858024121 0.07351348026470274 0.3944773175542406
0.4186964299050474 0.039027946289839396 0.6993006993006994
0.39227813700148084 0.05259918195436269 0.3846153846153846
0.22995439767002765 0.07707647209359315 0.28846153846153844
0.27972414803057266 0.13230469658998023 0.5128205128205129
0.28633575321205756 0.14055223678371245 0.7100591715976331
0.30580772032322256 0.031412883161083024 0.7846153846153846
0.24414329339448762 0.10086442030282702 0.5128205128205129
0.3121634171151316 0.03809994093161057 0.9049773755656109
0.1887840216382145 0.030977647948381745 0.0
0.2893253443394571 0.02277212120854141 0.0
0.23541486265967146 0.1006924064554731 0.20512820512820507
0.11868555442959056 0.1395008192414636 0.8205128205128205
0.16258650746390743 0.014944312075092345 0.1923076923076923
0.19653037855440073 0.026429772691405975 0.0
0.2745834180662835 0.009986405518207985 0.0
0.10813077050688806 0.09063926043584573 0.0
0.1795787015169626 0.09132834409863154 0.6923076923076922
0.31601507797174655 0.028609074130325447 0.0
0.1471848712203025 0.13054072475839626 0.6334841628959276
0.8019363181921508 0.09659663540587766 0.7342657342657343
0.26290214831009684 0.0979549780316464 0.4395604395604395
0.582669531349399 0.10687942005320766 0.2612481857764876
0.24017787504484273 0.16608249383830528 0.3550295857988165
0.1603961060404356 0.13236732904019627 0.923076923076923
0.12825893988715573 0.04393429472320465 0.0
0.4057128933033602 0.06317905985541462 0.0
0.1416644135495054 0.15738943864761507 0.923076923076923
0.17368198513523006 0.08441700044206239 0.4755244755244755
0.14820197191208628 0.13491794370735619 0.5734265734265733
0.0867176958409334 0.10633221663068967 0.21978021978021983
0.408651482736565 0.17734447938733594 0.8017334777898157
0.20490663214675411 0.05358503635012383 0.7311500380807311
0.21518570826117425 0.17439601820097517 0.7548972766364072
0.25810599397544975 0.13446507345618128 0.4395604395604395
0.9305679302989864 0.08115251626385347 0.5955334987593052
0.26367615332708877 0.18510231553153123 0.9121851599727706
0.14583262153081197 0.06413095187884021 0.0
0.2758514383178193 0.07235305342585589 0.0
0.4006287714585715 0.08072044351856632 0.5128205128205129
0.17815566914116449 0.06466725862541299 0.7484407484407485
0.4757937389376356 0.055785273873521106 0.0
0.07208902276379481 0.022381383399794976 0.0
0.27047380488456985 0.017401101032311152 0.0
0.20775014643956738 0.10629679547566155 0.0
0.2946063172631978 0.027717335748144487 0.0
0.19907978673507876 0.041114142151167696 0.0
0.3016547588930715 0.21082645360836594 0.6779661016949153
0.6151848799666602 0.12342562377033367 0.5405405405405405
0.1709124297356189 0.2461085720215412 0.0
0.21313208466295783 0.04993467813462771 0.14423076923076922
0.12213504545417889 0.10865062646521287 0.09615384615384615
0.48213553478579546 0.16540768810698406 0.5800756620428751
0.14752132443103605 0.05361508823116971 0.12820512820512825
0.6270121868950052 0.12328409966186894 0.7376185458377239
0.21479871446103144 0.043782561533196915 0.5668016194331984
0.1050331863716286 0.09797154086859265 0.6334841628959276
0.20848866182591752 0.11072751868575466 0.26755852842809363
0.1729149354873978 0.08595311041347936 0.5668016194331984
0.2105991197810469 0.01774755487786923 0.0
0.39304192070980576 0.1344419807270907 0.641025641025641
0.27077172781850406 0.05091445636143991 0.7256894049346879
