T:1607236262.6313071
~~~
T:1607236263.1907442
0.16862703877205423 0.06618024598526673 0.5937921727395411
0.2721105711025594 0.10555107033068628 0.3377110694183864
0.3759881556048516 0.06979335232893577 0.6623931623931624
0.2805800965788479 0.12286587842977427 0.6623931623931624
0.3222892387533032 0.10089297562378736 0.4524886877828053
0.1353208874565553 0.012267677226565871 0.34188034188034183
0.34809373619092054 0.026966520353801492 0.17482517482517484
0.07038592162072482 0.12242646422806719 0.3846153846153846
0.2560163178851859 0.06610346851881063 0.3365384615384615
0.18290969161009904 0.022649595938317092 0.42735042735042733
0.2113050227604499 0.07286030081148318 0.0
0.2742988605478679 0.01505049352379955 0.0
0.16669914067427266 0.030781432449802363 0.0
0.18043952101912594 0.04692159591000381 0.13574660633484165
0.15820602471517708 0.10754557849505186 0.40133779264214053
0.28682589994733887 0.07993278276797855 0.40865384615384615
0.10987873205527526 0.08213899553512038 0.043956043956043966
0.15592438199119052 0.007477093539059216 0.0
0.2252575132214062 0.03281789722264212 0.0
0.5769802415842669 0.09039928350933908 0.3377110694183864
0.1971119283085234 0.10835960153952004 0.5805515239477503
0.06731293311182626 0.062368876949200826 0.0
0.12075945210776587 0.01397526077834388 0.21978021978021983
0.761012832077967 0.05210922918281799 0.0
0.36412656108506664 0.07139321043947243 0.031397174254317144
0.19838617225131835 0.14229170332356697 0.20512820512820507
0.3277768901827021 0.10770388586257927 0.7435897435897435
0.14002238742769652 0.020906884357291586 0.0
0.19409418591756553 0.09011091285595789 0.12474012474012466
0.15788263543207356 0.13746846367708082 0.13777267508610797
0.06348425133547159 0.035465176606420366 0.0
0.3463967518881278 0.1600038440971547 0.7264957264957265
0.16796677021798986 0.05651547901643795 0.34188034188034183
0.24830956531622528 0.11328255791256435 0.7692307692307692
0.32128344389190333 0.12045828277412265 0.0
0.25702692565368823 0.23807809544082317 0.8144796380090498
0.4202339107148477 0.11022052583457485 0.505166475315729
0.37764684291572015 0.09005282308345869 0.586080586080586
0.1384777470253644 0.05660273516233756 0.5917159763313609
0.34330524205062746 0.20482557509337268 0.7478632478632479
0.8684818454699041 0.07853320764578152 0.0
0.7225481265929896 0.1050215813506247 0.8284023668639052
0.29992515970068434 0.10262826673051166 0.8205128205128205
0.10266655804927441 0.07319076593912478 0.5429864253393665
0.26493676567376595 0.25996347247327817 0.717948717948718
0.2757983347109962 0.10002776489867742 0.4733727810650888
0.18074746365064678 0.14700631394385189 0.0
0.15666604430735745 0.1909824134877271 0.7326007326007326
0.4671972591064447 0.09289340532834939 0.11257035647279542
0.5788599754146334 0.17789245145343524 0.44534412955465585
0.27179776759316127 0.09145508478473112 0.5128205128205129
0.2690831921197803 0.09739511259337903 0.3076923076923076
0.14938600183681297 0.04692724876823516 0.0
0.4333586464675709 0.0907388713131014 0.0
0.4788054465808834 0.02020850793283878 0.0
0.31107888361858327 0.2725652541212412 0.7100591715976331
0.2928922325080056 0.07243824385420976 0.0
0.4669410929525711 0.04920177132193504 0.0
0.2778172985775226 0.10968607077545339 0.4895104895104896
0.15370170545620926 0.1537541894626033 0.170940170940171
0.6048222286589992 0.11874103782487941 0.5769230769230769
0.7893634766537247 0.07698882609880768 0.2243589743589744
0.27271231460539186 0.03317255137578079 0.21978021978021983
0.1382080801503669 0.14656159631581306 0.5128205128205129
0.36774627059656173 0.1974047065747583 0.5128205128205129
0.3692576021722741 0.13872015638241142 0.7211538461538461
0.7018731355762013 0.09360973513459643 0.5515239477503628
0.3330253379122639 0.03847139333779274 0.1636661211129297
0.223702769379762 0.06840377060883807 0.7692307692307692
0.19292265977341427 0.08276265100912236 0.728744939271255
0.378334877977949 0.058273275371455914 0.0
0.3809712338390058 0.047433675835603255 0.0
0.43151300131455844 0.11297097096719318 0.0
0.1637505702365617 0.1567801621621217 0.5917159763313609
0.20544331078048803 0.15205690675326686 0.0
0.4329616695902816 0.18487469611778767 0.8284023668639052
0.7503438556223294 0.19286127936584163 0.6334841628959276
