T:1607232904.4990878
~~~
T:1607232905.332875
0.17799767264122576 0.020560080789060783 0.17482517482517484
0.27644765395012183 0.05476636302844769 0.1538461538461538
0.36686816751177265 0.11753122420959701 0.5128205128205129
0.351756258120705 0.025343445487095995 0.7547169811320754
0.17755603152121904 0.055908841671567275 0.7357859531772575
0.1414975282215493 0.03410255132020122 0.0
0.12345355916875916 0.09287405911824469 0.5128205128205129
0.30365075284227533 0.08769879620746364 0.22624434389140274
0.30498875624536886 0.03664978706117055 0.641025641025641
0.2419876085075315 0.04238720627018768 0.0
0.0708275257086933 0.04984190119805253 0.0
0.20920529646241617 0.00971908670350257 0.0
0.3481013691619642 0.03590422559514536 0.7459207459207459
0.21071519470928413 0.015042482998061737 0.37296037296037293
0.143646447868396 0.07521142829693025 0.3692307692307692
0.24947991924397198 0.28007979056795085 0.46153846153846156
0.12749917842484573 0.026733579988900615 0.21978021978021983
0.10274377559743637 0.06985647006498096 0.4733727810650888
0.2080330906442456 0.0994361141354954 0.0
0.5168357384257769 0.10659758875923869 0.6069160197600564
0.5652331958662611 0.02416281691285811 0.12307692307692301
0.253853704769857 0.09163283484201448 0.7468259895444361
0.23060439548376782 0.1230233749751156 0.6349206349206349
0.20432989817821298 0.1122705178158404 0.5982905982905982
0.41805016375409126 0.05461809076226383 0.24038461538461536
0.16753940689345673 0.10779859503683542 0.0
0.21741494098844583 0.1860253094334709 0.7489878542510121
0.13401913136922936 0.06132556993539889 0.0
0.3682313839576066 0.016367183588683294 0.6105006105006106
0.6437085121323287 0.16847261362176483 0.46153846153846156
0.21791146195057987 0.2689885470374747 0.4158004158004158
0.33287764671221864 0.14941317068020932 0.6390532544378698
0.6463342657942276 0.03674901815984177 0.0
0.2659240384524204 0.05564929854202396 0.0
0.2107859570270714 0.1670365728427503 0.7384615384615384
0.2914891581960467 0.17801409082932074 0.5594405594405595
0.21618894448797593 0.03398065129397776 0.07504690431519706
0.21371339374196716 0.03347407147262497 0.0
0.42741733440972957 0.12321689895565607 0.6676342525399129
0.5157257968737307 0.200224249265483 0.8906882591093117
0.6243760241619773 0.055106586955485495 0.4293381037567085
0.22177299216661592 0.038634745524241954 0.0
0.161607641907855 0.06824018079470259 0.0
0.3026818375557701 0.1194299699152966 0.02958579881656811
0.3698257572990633 0.06958196667382922 0.07326007326007333
0.30575860408469646 0.047538605484554866 0.0
0.4548883720833746 0.08597668413884461 0.5128205128205129
0.4292052954669958 0.06330020931332662 0.0
0.2932845989503369 0.0415783234319987 0.7376185458377239
0.5460929142763186 0.031197856177106784 0.08875739644970417
0.33942647105349977 0.11060440977130676 0.1972386587771203
0.18045965054727237 0.0676073692663789 0.0
0.34210835709715126 0.08143842033055167 0.23076923076923078
0.22344130969150164 0.05002732151865546 0.0
0.19890348563013413 0.10078318917193702 0.12820512820512825
0.12509650411122566 0.06165284605964328 0.2153846153846154
0.44582158793100174 0.1623725559576672 0.4962779156327544
0.2092260715195647 0.1123272518070733 0.07889546351084818
0.23376481027815452 0.04055450452589609 0.3365384615384615
0.4520940857212517 0.08353273139969031 0.5576923076923077
0.1764491848388977 0.038810382768124256 0.28490028490028496
0.4074972541844646 0.11465709948305743 0.5955334987593052
0.45596688311506484 0.09212805096160151 0.46936114732724893
0.17432360107904032 0.033507233174898676 0.17416545718432505
0.3697933343949888 0.030695708527676637 0.3365384615384615
0.11499500041324298 0.07569709373080832 0.08667388949079095
0.22426143406864316 0.06010444383099834 0.0
0.42028256118068696 0.20201456542148952 0.7451923076923077
0.33223369854128176 0.1527562728643972 0.6267806267806268
0.3972713115446254 0.06320714833579909 0.45028142589118203
0.5290353928820648 0.07500165550057344 0.0
0.12668087064947972 0.15462562044464026 0.5955334987593052
0.19366724712696626 0.09228198965527418 0.04048582995951412
0.24244870606395466 0.025203530738713606 0.1398601398601399
0.33728469351718765 0.17320275103954286 0.3496503496503497
0.49746440269740544 0.13057585594641416 0.44328552803129073
0.1895554177559493 0.06521573574333869 0.1309328968903437
