T:1607427325.3379781
~~~
T:1607427326.482537
0.19764172487300558 0.07333939028799626 0.641025641025641
0.35802983933975224 0.05647100703694611 0.170940170940171
0.2241911258225595 0.061869121374286136 0.48582995951417
0.22162888547085396 0.05013848240473795 0.8097165991902835
0.521157319414778 0.011482873331738792 0.054945054945054916
0.2706854231087179 0.04787412085229497 0.0
0.2264296767701653 0.009797793885032435 0.0
0.1675812855793734 0.038016847377301426 0.8144796380090498
0.18077936515977852 0.039711056414327706 0.7100591715976331
0.2642185875678294 0.07120567477842384 0.7239819004524887
0.4661838968336581 0.05481823745744146 0.0
0.20773368863503314 0.05298949277862548 0.8653846153846153
0.2883653427327699 0.07118119052143784 0.6526806526806526
0.16015078128056087 0.10219052387128154 0.5594405594405595
0.39293120977913004 0.02213016598679658 0.1846153846153846
0.19877697102806216 0.04236710599268969 0.0
0.18374844681142524 0.0284621063197816 0.0
0.3069577215465061 0.06129169637640335 0.1424501424501424
0.16143320083685744 0.08944994728274021 0.0
0.3077032241654228 0.034472365538056805 0.08391608391608395
0.3651319377033299 0.05346119037322215 0.8875739644970413
0.6469655899017674 0.022999613726120298 0.06993006993006987
0.3352414535791953 0.04397470612037451 0.0
0.3172600006412689 0.026784974348860815 0.5128205128205129
0.5118071609121415 0.0164442895350146 0.0
0.16035604560514666 0.04641766507059418 0.717948717948718
0.27271145952505993 0.00995984020584032 0.0
0.659887172900275 0.06435589054362668 0.6923076923076922
0.10014610349443238 0.16673593729061775 0.8653846153846153
0.22550349241340664 0.17955595822357126 0.6477732793522266
0.27348332944096815 0.06670537784581092 0.7692307692307692
0.14915524006617517 0.15258937654077978 0.6993006993006994
0.31853173261503687 0.17266927827662656 0.37606837606837606
0.1889606450951615 0.05676977743890009 0.0
0.3144580278310689 0.030368853136240208 0.3944773175542406
0.32618824491237364 0.04403079050128775 0.5526512322628827
0.28847472087446085 0.0982185290916918 0.0
0.29528978438843506 0.0733174015652465 0.3550295857988165
0.3986463892738493 0.06721127771760213 0.41958041958041953
0.8394679360874572 0.013590037994078985 0.0
0.49071781427630895 0.07243494551784144 0.5564648117839607
0.16876762403450876 0.04879812994151903 0.8205128205128205
0.9969659590510965 0.03508245218858635 0.8241758241758241
0.2533855334991962 0.007843022931256336 0.0
0.19014605014173636 0.0700465689554302 0.7392607392607393
0.07603146661933997 0.03135582447903668 0.0
0.3077612458902857 0.06517423917566284 0.1337792642140469
0.18145844899870173 0.19320101979623625 0.7495069033530573
0.3761798128902963 0.013808317619259698 0.0
0.3637873827242024 0.1257653165252036 0.6153846153846154
0.26090096813404806 0.05383766939105124 0.0
0.15534793508786718 0.009064814746288905 0.0
0.7803803047582261 0.045875244468765376 0.3508771929824562
0.2376758569336958 0.1478451195473377 0.21978021978021983
0.17112438404046737 0.1659106818048785 0.4102564102564103
0.23432993998262489 0.05394207428172807 0.25641025641025633
0.22043454243176533 0.031328797205778844 0.0
0.30815898559193333 0.07172355505957184 0.0
0.40198087262892734 0.07981779158823588 0.8634222919937207
0.2912989716389951 0.036324269572439095 0.2153846153846154
0.20049461736714377 0.02604981628117049 0.043956043956043966
0.5262179593833435 0.0695016677417231 0.2857142857142857
0.9210048150472525 0.0809381370828293 0.46703296703296704
0.48029826375772694 0.040195273520833776 0.5668016194331984
0.2681721070110063 0.15672373515639312 0.0
0.055418132884485605 0.04743096764581004 0.0
0.2160224487094285 0.05137708765997031 0.0
0.2535989636505649 0.12094141727689206 0.37735849056603765
0.32273977442850293 0.14870308049713155 0.1309328968903437
0.47671136698563554 0.13590468449941162 0.8270342374388617
0.36689871966533943 0.02830000275834117 0.879120879120879
0.45113564955614954 0.19166301331327257 0.4395604395604395
0.1959829216358314 0.03972824403523867 0.07692307692307698
0.3837904675109227 0.07663479754366638 0.0
0.1932207537233565 0.0947388113363141 0.4733727810650888
0.620523915712332 0.04503904686216167 0.0
0.16462677651628838 0.06882383456092235 0.8461538461538461
